(kicad_pcb (version 20171130) (host pcbnew "(5.1.12-1-10_14)")

  (general
    (thickness 1.6)
    (drawings 15)
    (tracks 366)
    (zones 0)
    (modules 23)
    (nets 104)
  )

  (page A4)
  (layers
    (0 F.Cu signal)
    (31 B.Cu signal)
    (32 B.Adhes user)
    (33 F.Adhes user)
    (34 B.Paste user)
    (35 F.Paste user)
    (36 B.SilkS user)
    (37 F.SilkS user)
    (38 B.Mask user)
    (39 F.Mask user)
    (40 Dwgs.User user)
    (41 Cmts.User user)
    (42 Eco1.User user)
    (43 Eco2.User user)
    (44 Edge.Cuts user)
    (45 Margin user)
    (46 B.CrtYd user)
    (47 F.CrtYd user)
    (48 B.Fab user)
    (49 F.Fab user)
  )

  (setup
    (last_trace_width 1.27)
    (user_trace_width 0.2032)
    (user_trace_width 0.254)
    (user_trace_width 0.2794)
    (user_trace_width 0.3048)
    (user_trace_width 0.381)
    (user_trace_width 0.5)
    (user_trace_width 0.508)
    (user_trace_width 0.8)
    (user_trace_width 1)
    (user_trace_width 1.27)
    (trace_clearance 0.2032)
    (zone_clearance 0.2032)
    (zone_45_only no)
    (trace_min 0.1524)
    (via_size 0.8)
    (via_drill 0.4)
    (via_min_size 0.5)
    (via_min_drill 0.3)
    (user_via 0.5 0.3)
    (uvia_size 0.3)
    (uvia_drill 0.1)
    (uvias_allowed no)
    (uvia_min_size 0.3)
    (uvia_min_drill 0.1)
    (edge_width 0.05)
    (segment_width 0.2)
    (pcb_text_width 0.3)
    (pcb_text_size 1.5 1.5)
    (mod_edge_width 0.12)
    (mod_text_size 1 1)
    (mod_text_width 0.15)
    (pad_size 1.075 0.95)
    (pad_drill 0)
    (pad_to_mask_clearance 0)
    (aux_axis_origin 0 0)
    (grid_origin 98.111 40.217)
    (visible_elements FFFFFF7F)
    (pcbplotparams
      (layerselection 0x010fc_ffffffff)
      (usegerberextensions false)
      (usegerberattributes true)
      (usegerberadvancedattributes true)
      (creategerberjobfile true)
      (excludeedgelayer true)
      (linewidth 0.100000)
      (plotframeref false)
      (viasonmask false)
      (mode 1)
      (useauxorigin false)
      (hpglpennumber 1)
      (hpglpenspeed 20)
      (hpglpendiameter 15.000000)
      (psnegative false)
      (psa4output false)
      (plotreference true)
      (plotvalue true)
      (plotinvisibletext false)
      (padsonsilk false)
      (subtractmaskfromsilk false)
      (outputformat 1)
      (mirror false)
      (drillshape 0)
      (scaleselection 1)
      (outputdirectory "out/"))
  )

  (net 0 "")
  (net 1 GND)
  (net 2 3V3)
  (net 3 R0_3V3)
  (net 4 R1_3V3)
  (net 5 R2_3V3)
  (net 6 R3_3V3)
  (net 7 B0_3V3)
  (net 8 B1_3V3)
  (net 9 B2_3V3)
  (net 10 B3_3V3)
  (net 11 G3_3V3)
  (net 12 G2_3V3)
  (net 13 G1_3V3)
  (net 14 G0_3V3)
  (net 15 CSYNC_3V3)
  (net 16 PIXELSW_3V3)
  (net 17 VCC)
  (net 18 "Net-(J1-Pad40)")
  (net 19 "Net-(J1-Pad39)")
  (net 20 "Net-(J1-Pad38)")
  (net 21 "Net-(J1-Pad37)")
  (net 22 "Net-(J1-Pad36)")
  (net 23 "Net-(J1-Pad35)")
  (net 24 R4_3V3)
  (net 25 R5_3V3)
  (net 26 R6_3V3)
  (net 27 R7_3V3)
  (net 28 G4_3V3)
  (net 29 G5_3V3)
  (net 30 G6_3V3)
  (net 31 G7_3V3)
  (net 32 B4_3V3)
  (net 33 B5_3V3)
  (net 34 B6_3V3)
  (net 35 B7_3V3)
  (net 36 HSYNC_3V3)
  (net 37 VSYNC_3V3)
  (net 38 C14M_3V3)
  (net 39 "Net-(J2-Pad14)")
  (net 40 "Net-(J2-Pad13)")
  (net 41 R_AUDIO)
  (net 42 L_AUDIO)
  (net 43 "Net-(U3-Pad1)")
  (net 44 "Net-(U3-Pad2)")
  (net 45 "Net-(U3-Pad3)")
  (net 46 "Net-(U3-Pad4)")
  (net 47 "Net-(U3-Pad5)")
  (net 48 "Net-(U3-Pad6)")
  (net 49 "Net-(U3-Pad7)")
  (net 50 "Net-(U3-Pad8)")
  (net 51 "Net-(U3-Pad9)")
  (net 52 "Net-(U3-Pad10)")
  (net 53 "Net-(U3-Pad12)")
  (net 54 "Net-(U3-Pad13)")
  (net 55 "Net-(U3-Pad14)")
  (net 56 "Net-(U3-Pad28)")
  (net 57 "Net-(U3-Pad29)")
  (net 58 "Net-(U3-Pad35)")
  (net 59 "Net-(U3-Pad36)")
  (net 60 "Net-(U3-Pad53)")
  (net 61 "Net-(U3-Pad63)")
  (net 62 "Net-(U3-Pad64)")
  (net 63 CK-)
  (net 64 CK+)
  (net 65 D0-)
  (net 66 D0+)
  (net 67 D1-)
  (net 68 D1+)
  (net 69 D2-)
  (net 70 D2+)
  (net 71 HPD)
  (net 72 /PD)
  (net 73 DDC_SCL)
  (net 74 DDC_SDA)
  (net 75 R7_FPGA)
  (net 76 R6_FPGA)
  (net 77 R5_FPGA)
  (net 78 R4_FPGA)
  (net 79 R3_FPGA)
  (net 80 R2_FPGA)
  (net 81 R1_FPGA)
  (net 82 R0_FPGA)
  (net 83 G7_FPGA)
  (net 84 G6_FPGA)
  (net 85 G5_FPGA)
  (net 86 G4_FPGA)
  (net 87 G3_FPGA)
  (net 88 G2_FPGA)
  (net 89 G1_FPGA)
  (net 90 G0_FPGA)
  (net 91 B7_FPGA)
  (net 92 B6_FPGA)
  (net 93 B5_FPGA)
  (net 94 B4_FPGA)
  (net 95 B3_FPGA)
  (net 96 B2_FPGA)
  (net 97 B1_FPGA)
  (net 98 B0_FPGA)
  (net 99 AVDD)
  (net 100 "Net-(D3-Pad10)")
  (net 101 "Net-(D3-Pad1)")
  (net 102 /Vp_D1)
  (net 103 /Vp_D2)

  (net_class Default "This is the default net class."
    (clearance 0.2032)
    (trace_width 0.1524)
    (via_dia 0.8)
    (via_drill 0.4)
    (uvia_dia 0.3)
    (uvia_drill 0.1)
    (add_net /PD)
    (add_net /Vp_D1)
    (add_net /Vp_D2)
    (add_net 3V3)
    (add_net AVDD)
    (add_net B0_3V3)
    (add_net B0_FPGA)
    (add_net B1_3V3)
    (add_net B1_FPGA)
    (add_net B2_3V3)
    (add_net B2_FPGA)
    (add_net B3_3V3)
    (add_net B3_FPGA)
    (add_net B4_3V3)
    (add_net B4_FPGA)
    (add_net B5_3V3)
    (add_net B5_FPGA)
    (add_net B6_3V3)
    (add_net B6_FPGA)
    (add_net B7_3V3)
    (add_net B7_FPGA)
    (add_net C14M_3V3)
    (add_net CK+)
    (add_net CK-)
    (add_net CSYNC_3V3)
    (add_net D0+)
    (add_net D0-)
    (add_net D1+)
    (add_net D1-)
    (add_net D2+)
    (add_net D2-)
    (add_net DDC_SCL)
    (add_net DDC_SDA)
    (add_net G0_3V3)
    (add_net G0_FPGA)
    (add_net G1_3V3)
    (add_net G1_FPGA)
    (add_net G2_3V3)
    (add_net G2_FPGA)
    (add_net G3_3V3)
    (add_net G3_FPGA)
    (add_net G4_3V3)
    (add_net G4_FPGA)
    (add_net G5_3V3)
    (add_net G5_FPGA)
    (add_net G6_3V3)
    (add_net G6_FPGA)
    (add_net G7_3V3)
    (add_net G7_FPGA)
    (add_net GND)
    (add_net HPD)
    (add_net HSYNC_3V3)
    (add_net L_AUDIO)
    (add_net "Net-(D3-Pad1)")
    (add_net "Net-(D3-Pad10)")
    (add_net "Net-(J1-Pad35)")
    (add_net "Net-(J1-Pad36)")
    (add_net "Net-(J1-Pad37)")
    (add_net "Net-(J1-Pad38)")
    (add_net "Net-(J1-Pad39)")
    (add_net "Net-(J1-Pad40)")
    (add_net "Net-(J2-Pad13)")
    (add_net "Net-(J2-Pad14)")
    (add_net "Net-(U3-Pad1)")
    (add_net "Net-(U3-Pad10)")
    (add_net "Net-(U3-Pad12)")
    (add_net "Net-(U3-Pad13)")
    (add_net "Net-(U3-Pad14)")
    (add_net "Net-(U3-Pad2)")
    (add_net "Net-(U3-Pad28)")
    (add_net "Net-(U3-Pad29)")
    (add_net "Net-(U3-Pad3)")
    (add_net "Net-(U3-Pad35)")
    (add_net "Net-(U3-Pad36)")
    (add_net "Net-(U3-Pad4)")
    (add_net "Net-(U3-Pad5)")
    (add_net "Net-(U3-Pad53)")
    (add_net "Net-(U3-Pad6)")
    (add_net "Net-(U3-Pad63)")
    (add_net "Net-(U3-Pad64)")
    (add_net "Net-(U3-Pad7)")
    (add_net "Net-(U3-Pad8)")
    (add_net "Net-(U3-Pad9)")
    (add_net PIXELSW_3V3)
    (add_net R0_3V3)
    (add_net R0_FPGA)
    (add_net R1_3V3)
    (add_net R1_FPGA)
    (add_net R2_3V3)
    (add_net R2_FPGA)
    (add_net R3_3V3)
    (add_net R3_FPGA)
    (add_net R4_3V3)
    (add_net R4_FPGA)
    (add_net R5_3V3)
    (add_net R5_FPGA)
    (add_net R6_3V3)
    (add_net R6_FPGA)
    (add_net R7_3V3)
    (add_net R7_FPGA)
    (add_net R_AUDIO)
    (add_net VCC)
    (add_net VSYNC_3V3)
  )

  (module Capacitor_SMD:C_0603_1608Metric_Pad1.08x0.95mm_HandSolder (layer F.Cu) (tedit 5F68FEEF) (tstamp 6522DAD3)
    (at 111.861 53.067 90)
    (descr "Capacitor SMD 0603 (1608 Metric), square (rectangular) end terminal, IPC_7351 nominal with elongated pad for handsoldering. (Body size source: IPC-SM-782 page 76, https://www.pcb-3d.com/wordpress/wp-content/uploads/ipc-sm-782a_amendment_1_and_2.pdf), generated with kicad-footprint-generator")
    (tags "capacitor handsolder")
    (path /654A833A)
    (attr smd)
    (fp_text reference C11 (at 0 -1.43 90) (layer F.SilkS)
      (effects (font (size 1 1) (thickness 0.15)))
    )
    (fp_text value 0.1uF (at 0 1.43 90) (layer F.Fab) hide
      (effects (font (size 1 1) (thickness 0.15)))
    )
    (fp_text user %R (at 0 0 90) (layer F.Fab) hide
      (effects (font (size 0.4 0.4) (thickness 0.06)))
    )
    (fp_line (start -0.8 0.4) (end -0.8 -0.4) (layer F.Fab) (width 0.1))
    (fp_line (start -0.8 -0.4) (end 0.8 -0.4) (layer F.Fab) (width 0.1))
    (fp_line (start 0.8 -0.4) (end 0.8 0.4) (layer F.Fab) (width 0.1))
    (fp_line (start 0.8 0.4) (end -0.8 0.4) (layer F.Fab) (width 0.1))
    (fp_line (start -0.146267 -0.51) (end 0.146267 -0.51) (layer F.SilkS) (width 0.12))
    (fp_line (start -0.146267 0.51) (end 0.146267 0.51) (layer F.SilkS) (width 0.12))
    (fp_line (start -1.65 0.73) (end -1.65 -0.73) (layer F.CrtYd) (width 0.05))
    (fp_line (start -1.65 -0.73) (end 1.65 -0.73) (layer F.CrtYd) (width 0.05))
    (fp_line (start 1.65 -0.73) (end 1.65 0.73) (layer F.CrtYd) (width 0.05))
    (fp_line (start 1.65 0.73) (end -1.65 0.73) (layer F.CrtYd) (width 0.05))
    (pad 2 smd roundrect (at 0.8625 0 90) (size 1.075 0.95) (layers F.Cu F.Paste F.Mask) (roundrect_rratio 0.25)
      (net 17 VCC))
    (pad 1 smd roundrect (at -0.8625 0 90) (size 1.075 0.95) (layers F.Cu F.Paste F.Mask) (roundrect_rratio 0.25)
      (net 1 GND))
    (model ${KISYS3DMOD}/Capacitor_SMD.3dshapes/C_0603_1608Metric.wrl
      (at (xyz 0 0 0))
      (scale (xyz 1 1 1))
      (rotate (xyz 0 0 0))
    )
  )

  (module Capacitor_SMD:C_0603_1608Metric_Pad1.08x0.95mm_HandSolder (layer F.Cu) (tedit 5F68FEEF) (tstamp 65226CFE)
    (at 111.861 58.217 270)
    (descr "Capacitor SMD 0603 (1608 Metric), square (rectangular) end terminal, IPC_7351 nominal with elongated pad for handsoldering. (Body size source: IPC-SM-782 page 76, https://www.pcb-3d.com/wordpress/wp-content/uploads/ipc-sm-782a_amendment_1_and_2.pdf), generated with kicad-footprint-generator")
    (tags "capacitor handsolder")
    (path /6548D3D3)
    (attr smd)
    (fp_text reference C10 (at 0 -1.43 90) (layer F.SilkS)
      (effects (font (size 1 1) (thickness 0.15)))
    )
    (fp_text value 0.1uF (at 0 1.43 90) (layer F.Fab) hide
      (effects (font (size 1 1) (thickness 0.15)))
    )
    (fp_line (start 1.65 0.73) (end -1.65 0.73) (layer F.CrtYd) (width 0.05))
    (fp_line (start 1.65 -0.73) (end 1.65 0.73) (layer F.CrtYd) (width 0.05))
    (fp_line (start -1.65 -0.73) (end 1.65 -0.73) (layer F.CrtYd) (width 0.05))
    (fp_line (start -1.65 0.73) (end -1.65 -0.73) (layer F.CrtYd) (width 0.05))
    (fp_line (start -0.146267 0.51) (end 0.146267 0.51) (layer F.SilkS) (width 0.12))
    (fp_line (start -0.146267 -0.51) (end 0.146267 -0.51) (layer F.SilkS) (width 0.12))
    (fp_line (start 0.8 0.4) (end -0.8 0.4) (layer F.Fab) (width 0.1))
    (fp_line (start 0.8 -0.4) (end 0.8 0.4) (layer F.Fab) (width 0.1))
    (fp_line (start -0.8 -0.4) (end 0.8 -0.4) (layer F.Fab) (width 0.1))
    (fp_line (start -0.8 0.4) (end -0.8 -0.4) (layer F.Fab) (width 0.1))
    (fp_text user %R (at 0 0 90) (layer F.Fab) hide
      (effects (font (size 0.4 0.4) (thickness 0.06)))
    )
    (pad 2 smd roundrect (at 0.8625 0 270) (size 1.075 0.95) (layers F.Cu F.Paste F.Mask) (roundrect_rratio 0.25)
      (net 17 VCC))
    (pad 1 smd roundrect (at -0.8625 0 270) (size 1.075 0.95) (layers F.Cu F.Paste F.Mask) (roundrect_rratio 0.25)
      (net 1 GND))
    (model ${KISYS3DMOD}/Capacitor_SMD.3dshapes/C_0603_1608Metric.wrl
      (at (xyz 0 0 0))
      (scale (xyz 1 1 1))
      (rotate (xyz 0 0 0))
    )
  )

  (module Capacitor_SMD:C_0603_1608Metric_Pad1.08x0.95mm_HandSolder (layer F.Cu) (tedit 5F68FEEF) (tstamp 65226CED)
    (at 65.136001 27.682001)
    (descr "Capacitor SMD 0603 (1608 Metric), square (rectangular) end terminal, IPC_7351 nominal with elongated pad for handsoldering. (Body size source: IPC-SM-782 page 76, https://www.pcb-3d.com/wordpress/wp-content/uploads/ipc-sm-782a_amendment_1_and_2.pdf), generated with kicad-footprint-generator")
    (tags "capacitor handsolder")
    (path /65476445)
    (attr smd)
    (fp_text reference C9 (at 0 -1.43) (layer F.SilkS)
      (effects (font (size 1 1) (thickness 0.15)))
    )
    (fp_text value 0.1uF (at 0 1.43) (layer F.Fab)
      (effects (font (size 1 1) (thickness 0.15)))
    )
    (fp_line (start 1.65 0.73) (end -1.65 0.73) (layer F.CrtYd) (width 0.05))
    (fp_line (start 1.65 -0.73) (end 1.65 0.73) (layer F.CrtYd) (width 0.05))
    (fp_line (start -1.65 -0.73) (end 1.65 -0.73) (layer F.CrtYd) (width 0.05))
    (fp_line (start -1.65 0.73) (end -1.65 -0.73) (layer F.CrtYd) (width 0.05))
    (fp_line (start -0.146267 0.51) (end 0.146267 0.51) (layer F.SilkS) (width 0.12))
    (fp_line (start -0.146267 -0.51) (end 0.146267 -0.51) (layer F.SilkS) (width 0.12))
    (fp_line (start 0.8 0.4) (end -0.8 0.4) (layer F.Fab) (width 0.1))
    (fp_line (start 0.8 -0.4) (end 0.8 0.4) (layer F.Fab) (width 0.1))
    (fp_line (start -0.8 -0.4) (end 0.8 -0.4) (layer F.Fab) (width 0.1))
    (fp_line (start -0.8 0.4) (end -0.8 -0.4) (layer F.Fab) (width 0.1))
    (fp_text user %R (at 0 0) (layer F.Fab)
      (effects (font (size 0.4 0.4) (thickness 0.06)))
    )
    (pad 2 smd roundrect (at 0.8625 0) (size 1.075 0.95) (layers F.Cu F.Paste F.Mask) (roundrect_rratio 0.25)
      (net 103 /Vp_D2))
    (pad 1 smd roundrect (at -0.8625 0) (size 1.075 0.95) (layers F.Cu F.Paste F.Mask) (roundrect_rratio 0.25)
      (net 1 GND))
    (model ${KISYS3DMOD}/Capacitor_SMD.3dshapes/C_0603_1608Metric.wrl
      (at (xyz 0 0 0))
      (scale (xyz 1 1 1))
      (rotate (xyz 0 0 0))
    )
  )

  (module Capacitor_SMD:C_0603_1608Metric_Pad1.08x0.95mm_HandSolder (layer F.Cu) (tedit 5F68FEEF) (tstamp 65226CDC)
    (at 65.136001 25.172001)
    (descr "Capacitor SMD 0603 (1608 Metric), square (rectangular) end terminal, IPC_7351 nominal with elongated pad for handsoldering. (Body size source: IPC-SM-782 page 76, https://www.pcb-3d.com/wordpress/wp-content/uploads/ipc-sm-782a_amendment_1_and_2.pdf), generated with kicad-footprint-generator")
    (tags "capacitor handsolder")
    (path /6547758E)
    (attr smd)
    (fp_text reference C8 (at 0 -1.43) (layer F.SilkS)
      (effects (font (size 1 1) (thickness 0.15)))
    )
    (fp_text value 0.1uF (at 0 1.43) (layer F.Fab)
      (effects (font (size 1 1) (thickness 0.15)))
    )
    (fp_line (start 1.65 0.73) (end -1.65 0.73) (layer F.CrtYd) (width 0.05))
    (fp_line (start 1.65 -0.73) (end 1.65 0.73) (layer F.CrtYd) (width 0.05))
    (fp_line (start -1.65 -0.73) (end 1.65 -0.73) (layer F.CrtYd) (width 0.05))
    (fp_line (start -1.65 0.73) (end -1.65 -0.73) (layer F.CrtYd) (width 0.05))
    (fp_line (start -0.146267 0.51) (end 0.146267 0.51) (layer F.SilkS) (width 0.12))
    (fp_line (start -0.146267 -0.51) (end 0.146267 -0.51) (layer F.SilkS) (width 0.12))
    (fp_line (start 0.8 0.4) (end -0.8 0.4) (layer F.Fab) (width 0.1))
    (fp_line (start 0.8 -0.4) (end 0.8 0.4) (layer F.Fab) (width 0.1))
    (fp_line (start -0.8 -0.4) (end 0.8 -0.4) (layer F.Fab) (width 0.1))
    (fp_line (start -0.8 0.4) (end -0.8 -0.4) (layer F.Fab) (width 0.1))
    (fp_text user %R (at 0 0) (layer F.Fab)
      (effects (font (size 0.4 0.4) (thickness 0.06)))
    )
    (pad 2 smd roundrect (at 0.8625 0) (size 1.075 0.95) (layers F.Cu F.Paste F.Mask) (roundrect_rratio 0.25)
      (net 1 GND))
    (pad 1 smd roundrect (at -0.8625 0) (size 1.075 0.95) (layers F.Cu F.Paste F.Mask) (roundrect_rratio 0.25)
      (net 102 /Vp_D1))
    (model ${KISYS3DMOD}/Capacitor_SMD.3dshapes/C_0603_1608Metric.wrl
      (at (xyz 0 0 0))
      (scale (xyz 1 1 1))
      (rotate (xyz 0 0 0))
    )
  )

  (module Capacitor_SMD:C_0603_1608Metric_Pad1.08x0.95mm_HandSolder (layer F.Cu) (tedit 6520221D) (tstamp 6521B1D1)
    (at 108.311 72.917 315)
    (descr "Capacitor SMD 0603 (1608 Metric), square (rectangular) end terminal, IPC_7351 nominal with elongated pad for handsoldering. (Body size source: IPC-SM-782 page 76, https://www.pcb-3d.com/wordpress/wp-content/uploads/ipc-sm-782a_amendment_1_and_2.pdf), generated with kicad-footprint-generator")
    (tags "capacitor handsolder")
    (path /653F698E)
    (attr smd)
    (fp_text reference C7 (at 0 -1.43 135) (layer F.SilkS)
      (effects (font (size 1 1) (thickness 0.15)))
    )
    (fp_text value C_Small (at 0 1.43 135) (layer F.Fab) hide
      (effects (font (size 1 1) (thickness 0.15)))
    )
    (fp_line (start 1.65 0.73) (end -1.65 0.73) (layer F.CrtYd) (width 0.05))
    (fp_line (start 1.65 -0.73) (end 1.65 0.73) (layer F.CrtYd) (width 0.05))
    (fp_line (start -1.65 -0.73) (end 1.65 -0.73) (layer F.CrtYd) (width 0.05))
    (fp_line (start -1.65 0.73) (end -1.65 -0.73) (layer F.CrtYd) (width 0.05))
    (fp_line (start -0.146267 0.51) (end 0.146267 0.51) (layer F.SilkS) (width 0.12))
    (fp_line (start -0.146267 -0.51) (end 0.146267 -0.51) (layer F.SilkS) (width 0.12))
    (fp_line (start 0.8 0.4) (end -0.8 0.4) (layer F.Fab) (width 0.1))
    (fp_line (start 0.8 -0.4) (end 0.8 0.4) (layer F.Fab) (width 0.1))
    (fp_line (start -0.8 -0.4) (end 0.8 -0.4) (layer F.Fab) (width 0.1))
    (fp_line (start -0.8 0.4) (end -0.8 -0.4) (layer F.Fab) (width 0.1))
    (fp_text user %R (at 0 0 135) (layer F.Fab) hide
      (effects (font (size 0.4 0.4) (thickness 0.06)))
    )
    (pad 2 smd roundrect (at 0.8625 0 315) (size 1.075 0.95) (layers F.Cu F.Paste F.Mask) (roundrect_rratio 0.25)
      (net 99 AVDD))
    (pad 1 smd roundrect (at -0.862501 0 315) (size 1.075 0.95) (layers F.Cu F.Paste F.Mask) (roundrect_rratio 0.25)
      (net 1 GND) (zone_connect 0))
    (model ${KISYS3DMOD}/Capacitor_SMD.3dshapes/C_0603_1608Metric.wrl
      (at (xyz 0 0 0))
      (scale (xyz 1 1 1))
      (rotate (xyz 0 0 0))
    )
  )

  (module Capacitor_SMD:C_0603_1608Metric_Pad1.08x0.95mm_HandSolder (layer F.Cu) (tedit 5F68FEEF) (tstamp 6520B6D2)
    (at 105.311 75.917 315)
    (descr "Capacitor SMD 0603 (1608 Metric), square (rectangular) end terminal, IPC_7351 nominal with elongated pad for handsoldering. (Body size source: IPC-SM-782 page 76, https://www.pcb-3d.com/wordpress/wp-content/uploads/ipc-sm-782a_amendment_1_and_2.pdf), generated with kicad-footprint-generator")
    (tags "capacitor handsolder")
    (path /653C1DFE)
    (attr smd)
    (fp_text reference C6 (at 0 -1.43 135) (layer F.SilkS)
      (effects (font (size 1 1) (thickness 0.15)))
    )
    (fp_text value C_Small (at 0 1.43 135) (layer F.Fab) hide
      (effects (font (size 1 1) (thickness 0.15)))
    )
    (fp_line (start 1.65 0.73) (end -1.65 0.73) (layer F.CrtYd) (width 0.05))
    (fp_line (start 1.65 -0.73) (end 1.65 0.73) (layer F.CrtYd) (width 0.05))
    (fp_line (start -1.65 -0.73) (end 1.65 -0.73) (layer F.CrtYd) (width 0.05))
    (fp_line (start -1.65 0.73) (end -1.65 -0.73) (layer F.CrtYd) (width 0.05))
    (fp_line (start -0.146267 0.51) (end 0.146267 0.51) (layer F.SilkS) (width 0.12))
    (fp_line (start -0.146267 -0.51) (end 0.146267 -0.51) (layer F.SilkS) (width 0.12))
    (fp_line (start 0.8 0.4) (end -0.8 0.4) (layer F.Fab) (width 0.1))
    (fp_line (start 0.8 -0.4) (end 0.8 0.4) (layer F.Fab) (width 0.1))
    (fp_line (start -0.8 -0.4) (end 0.8 -0.4) (layer F.Fab) (width 0.1))
    (fp_line (start -0.8 0.4) (end -0.8 -0.4) (layer F.Fab) (width 0.1))
    (fp_text user %R (at 0 0 135) (layer F.Fab) hide
      (effects (font (size 0.4 0.4) (thickness 0.06)))
    )
    (pad 2 smd roundrect (at 0.8625 0 315) (size 1.075 0.95) (layers F.Cu F.Paste F.Mask) (roundrect_rratio 0.25)
      (net 99 AVDD))
    (pad 1 smd roundrect (at -0.8625 0 315) (size 1.075 0.95) (layers F.Cu F.Paste F.Mask) (roundrect_rratio 0.25)
      (net 1 GND))
    (model ${KISYS3DMOD}/Capacitor_SMD.3dshapes/C_0603_1608Metric.wrl
      (at (xyz 0 0 0))
      (scale (xyz 1 1 1))
      (rotate (xyz 0 0 0))
    )
  )

  (module Resistor_SMD:R_0603_1608Metric_Pad0.98x0.95mm_HandSolder (layer F.Cu) (tedit 5F68FEEE) (tstamp 651FCC30)
    (at 103.336001 32.532001)
    (descr "Resistor SMD 0603 (1608 Metric), square (rectangular) end terminal, IPC_7351 nominal with elongated pad for handsoldering. (Body size source: IPC-SM-782 page 72, https://www.pcb-3d.com/wordpress/wp-content/uploads/ipc-sm-782a_amendment_1_and_2.pdf), generated with kicad-footprint-generator")
    (tags "resistor handsolder")
    (path /6532BC2D)
    (attr smd)
    (fp_text reference R2 (at 0 -1.43) (layer F.SilkS)
      (effects (font (size 1 1) (thickness 0.15)))
    )
    (fp_text value 2k (at 0 1.43) (layer F.Fab)
      (effects (font (size 1 1) (thickness 0.15)))
    )
    (fp_line (start 1.65 0.73) (end -1.65 0.73) (layer F.CrtYd) (width 0.05))
    (fp_line (start 1.65 -0.73) (end 1.65 0.73) (layer F.CrtYd) (width 0.05))
    (fp_line (start -1.65 -0.73) (end 1.65 -0.73) (layer F.CrtYd) (width 0.05))
    (fp_line (start -1.65 0.73) (end -1.65 -0.73) (layer F.CrtYd) (width 0.05))
    (fp_line (start -0.254724 0.5225) (end 0.254724 0.5225) (layer F.SilkS) (width 0.12))
    (fp_line (start -0.254724 -0.5225) (end 0.254724 -0.5225) (layer F.SilkS) (width 0.12))
    (fp_line (start 0.8 0.4125) (end -0.8 0.4125) (layer F.Fab) (width 0.1))
    (fp_line (start 0.8 -0.4125) (end 0.8 0.4125) (layer F.Fab) (width 0.1))
    (fp_line (start -0.8 -0.4125) (end 0.8 -0.4125) (layer F.Fab) (width 0.1))
    (fp_line (start -0.8 0.4125) (end -0.8 -0.4125) (layer F.Fab) (width 0.1))
    (fp_text user %R (at 0 0) (layer F.Fab)
      (effects (font (size 0.4 0.4) (thickness 0.06)))
    )
    (pad 2 smd roundrect (at 0.9125 0) (size 0.975 0.95) (layers F.Cu F.Paste F.Mask) (roundrect_rratio 0.25)
      (net 74 DDC_SDA))
    (pad 1 smd roundrect (at -0.9125 0) (size 0.975 0.95) (layers F.Cu F.Paste F.Mask) (roundrect_rratio 0.25)
      (net 17 VCC))
    (model ${KISYS3DMOD}/Resistor_SMD.3dshapes/R_0603_1608Metric.wrl
      (at (xyz 0 0 0))
      (scale (xyz 1 1 1))
      (rotate (xyz 0 0 0))
    )
  )

  (module Resistor_SMD:R_0603_1608Metric_Pad0.98x0.95mm_HandSolder (layer F.Cu) (tedit 5F68FEEE) (tstamp 651FCC1F)
    (at 103.336001 30.022001)
    (descr "Resistor SMD 0603 (1608 Metric), square (rectangular) end terminal, IPC_7351 nominal with elongated pad for handsoldering. (Body size source: IPC-SM-782 page 72, https://www.pcb-3d.com/wordpress/wp-content/uploads/ipc-sm-782a_amendment_1_and_2.pdf), generated with kicad-footprint-generator")
    (tags "resistor handsolder")
    (path /6532D8B1)
    (attr smd)
    (fp_text reference R1 (at 0 -1.43) (layer F.SilkS)
      (effects (font (size 1 1) (thickness 0.15)))
    )
    (fp_text value 2k (at 0 1.43) (layer F.Fab)
      (effects (font (size 1 1) (thickness 0.15)))
    )
    (fp_line (start 1.65 0.73) (end -1.65 0.73) (layer F.CrtYd) (width 0.05))
    (fp_line (start 1.65 -0.73) (end 1.65 0.73) (layer F.CrtYd) (width 0.05))
    (fp_line (start -1.65 -0.73) (end 1.65 -0.73) (layer F.CrtYd) (width 0.05))
    (fp_line (start -1.65 0.73) (end -1.65 -0.73) (layer F.CrtYd) (width 0.05))
    (fp_line (start -0.254724 0.5225) (end 0.254724 0.5225) (layer F.SilkS) (width 0.12))
    (fp_line (start -0.254724 -0.5225) (end 0.254724 -0.5225) (layer F.SilkS) (width 0.12))
    (fp_line (start 0.8 0.4125) (end -0.8 0.4125) (layer F.Fab) (width 0.1))
    (fp_line (start 0.8 -0.4125) (end 0.8 0.4125) (layer F.Fab) (width 0.1))
    (fp_line (start -0.8 -0.4125) (end 0.8 -0.4125) (layer F.Fab) (width 0.1))
    (fp_line (start -0.8 0.4125) (end -0.8 -0.4125) (layer F.Fab) (width 0.1))
    (fp_text user %R (at 0 0) (layer F.Fab)
      (effects (font (size 0.4 0.4) (thickness 0.06)))
    )
    (pad 2 smd roundrect (at 0.9125 0) (size 0.975 0.95) (layers F.Cu F.Paste F.Mask) (roundrect_rratio 0.25)
      (net 73 DDC_SCL))
    (pad 1 smd roundrect (at -0.9125 0) (size 0.975 0.95) (layers F.Cu F.Paste F.Mask) (roundrect_rratio 0.25)
      (net 17 VCC))
    (model ${KISYS3DMOD}/Resistor_SMD.3dshapes/R_0603_1608Metric.wrl
      (at (xyz 0 0 0))
      (scale (xyz 1 1 1))
      (rotate (xyz 0 0 0))
    )
  )

  (module Resistor_SMD:R_0603_1608Metric_Pad0.98x0.95mm_HandSolder (layer B.Cu) (tedit 5F68FEEE) (tstamp 651F88BB)
    (at 109.011 76.8795 270)
    (descr "Resistor SMD 0603 (1608 Metric), square (rectangular) end terminal, IPC_7351 nominal with elongated pad for handsoldering. (Body size source: IPC-SM-782 page 72, https://www.pcb-3d.com/wordpress/wp-content/uploads/ipc-sm-782a_amendment_1_and_2.pdf), generated with kicad-footprint-generator")
    (tags "resistor handsolder")
    (path /6531102F)
    (attr smd)
    (fp_text reference R8 (at 0 1.43 270) (layer B.SilkS)
      (effects (font (size 1 1) (thickness 0.15)) (justify mirror))
    )
    (fp_text value 2k (at 0 -1.43 270) (layer B.Fab) hide
      (effects (font (size 1 1) (thickness 0.15)) (justify mirror))
    )
    (fp_line (start 1.65 -0.73) (end -1.65 -0.73) (layer B.CrtYd) (width 0.05))
    (fp_line (start 1.65 0.73) (end 1.65 -0.73) (layer B.CrtYd) (width 0.05))
    (fp_line (start -1.65 0.73) (end 1.65 0.73) (layer B.CrtYd) (width 0.05))
    (fp_line (start -1.65 -0.73) (end -1.65 0.73) (layer B.CrtYd) (width 0.05))
    (fp_line (start -0.254724 -0.5225) (end 0.254724 -0.5225) (layer B.SilkS) (width 0.12))
    (fp_line (start -0.254724 0.5225) (end 0.254724 0.5225) (layer B.SilkS) (width 0.12))
    (fp_line (start 0.8 -0.4125) (end -0.8 -0.4125) (layer B.Fab) (width 0.1))
    (fp_line (start 0.8 0.4125) (end 0.8 -0.4125) (layer B.Fab) (width 0.1))
    (fp_line (start -0.8 0.4125) (end 0.8 0.4125) (layer B.Fab) (width 0.1))
    (fp_line (start -0.8 -0.4125) (end -0.8 0.4125) (layer B.Fab) (width 0.1))
    (fp_text user %R (at 0 0 270) (layer B.Fab) hide
      (effects (font (size 0.4 0.4) (thickness 0.06)) (justify mirror))
    )
    (pad 2 smd roundrect (at 0.9125 0 270) (size 0.975 0.95) (layers B.Cu B.Paste B.Mask) (roundrect_rratio 0.25)
      (net 1 GND))
    (pad 1 smd roundrect (at -0.9125 0 270) (size 0.975 0.95) (layers B.Cu B.Paste B.Mask) (roundrect_rratio 0.25)
      (net 72 /PD))
    (model ${KISYS3DMOD}/Resistor_SMD.3dshapes/R_0603_1608Metric.wrl
      (at (xyz 0 0 0))
      (scale (xyz 1 1 1))
      (rotate (xyz 0 0 0))
    )
  )

  (module Resistor_SMD:R_0603_1608Metric_Pad0.98x0.95mm_HandSolder (layer F.Cu) (tedit 5F68FEEE) (tstamp 651F5EC7)
    (at 108.636001 35.472001)
    (descr "Resistor SMD 0603 (1608 Metric), square (rectangular) end terminal, IPC_7351 nominal with elongated pad for handsoldering. (Body size source: IPC-SM-782 page 72, https://www.pcb-3d.com/wordpress/wp-content/uploads/ipc-sm-782a_amendment_1_and_2.pdf), generated with kicad-footprint-generator")
    (tags "resistor handsolder")
    (path /652DC9C5)
    (attr smd)
    (fp_text reference R4 (at 0 -1.43) (layer F.SilkS)
      (effects (font (size 1 1) (thickness 0.15)))
    )
    (fp_text value 10k (at 0 1.43) (layer F.Fab) hide
      (effects (font (size 1 1) (thickness 0.15)))
    )
    (fp_line (start -0.8 0.4125) (end -0.8 -0.4125) (layer F.Fab) (width 0.1))
    (fp_line (start -0.8 -0.4125) (end 0.8 -0.4125) (layer F.Fab) (width 0.1))
    (fp_line (start 0.8 -0.4125) (end 0.8 0.4125) (layer F.Fab) (width 0.1))
    (fp_line (start 0.8 0.4125) (end -0.8 0.4125) (layer F.Fab) (width 0.1))
    (fp_line (start -0.254724 -0.5225) (end 0.254724 -0.5225) (layer F.SilkS) (width 0.12))
    (fp_line (start -0.254724 0.5225) (end 0.254724 0.5225) (layer F.SilkS) (width 0.12))
    (fp_line (start -1.65 0.73) (end -1.65 -0.73) (layer F.CrtYd) (width 0.05))
    (fp_line (start -1.65 -0.73) (end 1.65 -0.73) (layer F.CrtYd) (width 0.05))
    (fp_line (start 1.65 -0.73) (end 1.65 0.73) (layer F.CrtYd) (width 0.05))
    (fp_line (start 1.65 0.73) (end -1.65 0.73) (layer F.CrtYd) (width 0.05))
    (fp_text user %R (at 0 0) (layer F.Fab) hide
      (effects (font (size 0.4 0.4) (thickness 0.06)))
    )
    (pad 2 smd roundrect (at 0.9125 0) (size 0.975 0.95) (layers F.Cu F.Paste F.Mask) (roundrect_rratio 0.25)
      (net 1 GND))
    (pad 1 smd roundrect (at -0.9125 0) (size 0.975 0.95) (layers F.Cu F.Paste F.Mask) (roundrect_rratio 0.25)
      (net 71 HPD))
    (model ${KISYS3DMOD}/Resistor_SMD.3dshapes/R_0603_1608Metric.wrl
      (at (xyz 0 0 0))
      (scale (xyz 1 1 1))
      (rotate (xyz 0 0 0))
    )
  )

  (module BeamBender:SOP50P490X110-10N (layer F.Cu) (tedit 0) (tstamp 652021BB)
    (at 110.611 64.217 270)
    (descr MSOP-10)
    (tags "TVS Diode (Bi-directional)")
    (path /652AB064)
    (attr smd)
    (fp_text reference D3 (at 0 -2.800001 90) (layer F.SilkS)
      (effects (font (size 1.27 1.27) (thickness 0.254)))
    )
    (fp_text value D5V0F4U10MR-13 (at 0 0 90) (layer F.SilkS) hide
      (effects (font (size 1.27 1.27) (thickness 0.254)))
    )
    (fp_line (start -3.15 -1.775) (end 3.15 -1.775) (layer F.CrtYd) (width 0.05))
    (fp_line (start 3.15 -1.775) (end 3.15 1.775) (layer F.CrtYd) (width 0.05))
    (fp_line (start 3.15 1.775) (end -3.15 1.775) (layer F.CrtYd) (width 0.05))
    (fp_line (start -3.15 1.775) (end -3.15 -1.775) (layer F.CrtYd) (width 0.05))
    (fp_line (start -1.5 -1.5) (end 1.5 -1.5) (layer F.Fab) (width 0.1))
    (fp_line (start 1.5 -1.5) (end 1.5 1.5) (layer F.Fab) (width 0.1))
    (fp_line (start 1.5 1.5) (end -1.5 1.5) (layer F.Fab) (width 0.1))
    (fp_line (start -1.5 1.5) (end -1.5 -1.5) (layer F.Fab) (width 0.1))
    (fp_line (start -1.5 -1) (end -1 -1.5) (layer F.Fab) (width 0.1))
    (fp_line (start -1.15 -1.5) (end 1.15 -1.5) (layer F.SilkS) (width 0.2))
    (fp_line (start 1.15 -1.5) (end 1.15 1.5) (layer F.SilkS) (width 0.2))
    (fp_line (start 1.15 1.5) (end -1.15 1.5) (layer F.SilkS) (width 0.2))
    (fp_line (start -1.15 1.5) (end -1.15 -1.5) (layer F.SilkS) (width 0.2))
    (fp_line (start -2.9 -1.5) (end -1.5 -1.5) (layer F.SilkS) (width 0.2))
    (fp_text user %R (at 0 0 90) (layer F.Fab) hide
      (effects (font (size 1.27 1.27) (thickness 0.254)))
    )
    (pad 10 smd rect (at 2.2 -1) (size 0.3 1.4) (layers F.Cu F.Paste F.Mask)
      (net 100 "Net-(D3-Pad10)"))
    (pad 9 smd rect (at 2.2 -0.5) (size 0.3 1.4) (layers F.Cu F.Paste F.Mask)
      (net 71 HPD))
    (pad 8 smd rect (at 2.2 0) (size 0.3 1.4) (layers F.Cu F.Paste F.Mask)
      (net 1 GND))
    (pad 7 smd rect (at 2.2 0.5) (size 0.3 1.4) (layers F.Cu F.Paste F.Mask)
      (net 74 DDC_SDA))
    (pad 6 smd rect (at 2.2 1) (size 0.3 1.4) (layers F.Cu F.Paste F.Mask)
      (net 73 DDC_SCL))
    (pad 5 smd rect (at -2.2 1) (size 0.3 1.4) (layers F.Cu F.Paste F.Mask)
      (net 73 DDC_SCL))
    (pad 4 smd rect (at -2.2 0.5) (size 0.3 1.4) (layers F.Cu F.Paste F.Mask)
      (net 74 DDC_SDA))
    (pad 3 smd rect (at -2.2 0) (size 0.3 1.4) (layers F.Cu F.Paste F.Mask)
      (net 17 VCC))
    (pad 2 smd rect (at -2.2 -0.5) (size 0.3 1.4) (layers F.Cu F.Paste F.Mask)
      (net 71 HPD))
    (pad 1 smd rect (at -2.2 -1) (size 0.3 1.4) (layers F.Cu F.Paste F.Mask)
      (net 101 "Net-(D3-Pad1)"))
    (model D5V0F4U10MR-13.stp
      (at (xyz 0 0 0))
      (scale (xyz 1 1 1))
      (rotate (xyz 0 0 0))
    )
  )

  (module BeamBender:SOP50P490X110-10N (layer F.Cu) (tedit 0) (tstamp 651F2687)
    (at 104.611 64.217 270)
    (descr MSOP-10)
    (tags "TVS Diode (Bi-directional)")
    (path /652A2640)
    (attr smd)
    (fp_text reference D2 (at 0 3.5 180) (layer F.SilkS)
      (effects (font (size 1.27 1.27) (thickness 0.254)))
    )
    (fp_text value D5V0F4U10MR-13 (at 0 0 90) (layer F.SilkS) hide
      (effects (font (size 1.27 1.27) (thickness 0.254)))
    )
    (fp_line (start -3.15 -1.775) (end 3.15 -1.775) (layer F.CrtYd) (width 0.05))
    (fp_line (start 3.15 -1.775) (end 3.15 1.775) (layer F.CrtYd) (width 0.05))
    (fp_line (start 3.15 1.775) (end -3.15 1.775) (layer F.CrtYd) (width 0.05))
    (fp_line (start -3.15 1.775) (end -3.15 -1.775) (layer F.CrtYd) (width 0.05))
    (fp_line (start -1.5 -1.5) (end 1.5 -1.5) (layer F.Fab) (width 0.1))
    (fp_line (start 1.5 -1.5) (end 1.5 1.5) (layer F.Fab) (width 0.1))
    (fp_line (start 1.5 1.5) (end -1.5 1.5) (layer F.Fab) (width 0.1))
    (fp_line (start -1.5 1.5) (end -1.5 -1.5) (layer F.Fab) (width 0.1))
    (fp_line (start -1.5 -1) (end -1 -1.5) (layer F.Fab) (width 0.1))
    (fp_line (start -1.15 -1.5) (end 1.15 -1.5) (layer F.SilkS) (width 0.2))
    (fp_line (start 1.15 -1.5) (end 1.15 1.5) (layer F.SilkS) (width 0.2))
    (fp_line (start 1.15 1.5) (end -1.15 1.5) (layer F.SilkS) (width 0.2))
    (fp_line (start -1.15 1.5) (end -1.15 -1.5) (layer F.SilkS) (width 0.2))
    (fp_line (start -2.9 -1.5) (end -1.5 -1.5) (layer F.SilkS) (width 0.2))
    (fp_text user %R (at 0 0 90) (layer F.Fab) hide
      (effects (font (size 1.27 1.27) (thickness 0.254)))
    )
    (pad 10 smd rect (at 2.2 -1) (size 0.3 1.4) (layers F.Cu F.Paste F.Mask)
      (net 67 D1-))
    (pad 9 smd rect (at 2.2 -0.5) (size 0.3 1.4) (layers F.Cu F.Paste F.Mask)
      (net 68 D1+))
    (pad 8 smd rect (at 2.2 0) (size 0.3 1.4) (layers F.Cu F.Paste F.Mask)
      (net 1 GND))
    (pad 7 smd rect (at 2.2 0.5) (size 0.3 1.4) (layers F.Cu F.Paste F.Mask)
      (net 69 D2-))
    (pad 6 smd rect (at 2.2 1) (size 0.3 1.4) (layers F.Cu F.Paste F.Mask)
      (net 70 D2+))
    (pad 5 smd rect (at -2.2 1) (size 0.3 1.4) (layers F.Cu F.Paste F.Mask)
      (net 70 D2+))
    (pad 4 smd rect (at -2.2 0.5) (size 0.3 1.4) (layers F.Cu F.Paste F.Mask)
      (net 69 D2-))
    (pad 3 smd rect (at -2.2 0) (size 0.3 1.4) (layers F.Cu F.Paste F.Mask)
      (net 103 /Vp_D2))
    (pad 2 smd rect (at -2.2 -0.5) (size 0.3 1.4) (layers F.Cu F.Paste F.Mask)
      (net 68 D1+))
    (pad 1 smd rect (at -2.2 -1) (size 0.3 1.4) (layers F.Cu F.Paste F.Mask)
      (net 67 D1-))
    (model D5V0F4U10MR-13.stp
      (at (xyz 0 0 0))
      (scale (xyz 1 1 1))
      (rotate (xyz 0 0 0))
    )
  )

  (module BeamBender:SOP50P490X110-10N (layer F.Cu) (tedit 0) (tstamp 651EE688)
    (at 107.611 56.717 270)
    (descr MSOP-10)
    (tags "TVS Diode (Bi-directional)")
    (path /65246756)
    (attr smd)
    (fp_text reference D1 (at -4 0 180) (layer F.SilkS)
      (effects (font (size 1.27 1.27) (thickness 0.254)))
    )
    (fp_text value D5V0F4U10MR-13 (at 0 0 90) (layer F.SilkS) hide
      (effects (font (size 1.27 1.27) (thickness 0.254)))
    )
    (fp_line (start -3.15 -1.775) (end 3.15 -1.775) (layer F.CrtYd) (width 0.05))
    (fp_line (start 3.15 -1.775) (end 3.15 1.775) (layer F.CrtYd) (width 0.05))
    (fp_line (start 3.15 1.775) (end -3.15 1.775) (layer F.CrtYd) (width 0.05))
    (fp_line (start -3.15 1.775) (end -3.15 -1.775) (layer F.CrtYd) (width 0.05))
    (fp_line (start -1.5 -1.5) (end 1.5 -1.5) (layer F.Fab) (width 0.1))
    (fp_line (start 1.5 -1.5) (end 1.5 1.5) (layer F.Fab) (width 0.1))
    (fp_line (start 1.5 1.5) (end -1.5 1.5) (layer F.Fab) (width 0.1))
    (fp_line (start -1.5 1.5) (end -1.5 -1.5) (layer F.Fab) (width 0.1))
    (fp_line (start -1.5 -1) (end -1 -1.5) (layer F.Fab) (width 0.1))
    (fp_line (start -1.15 -1.5) (end 1.15 -1.5) (layer F.SilkS) (width 0.2))
    (fp_line (start 1.15 -1.5) (end 1.15 1.5) (layer F.SilkS) (width 0.2))
    (fp_line (start 1.15 1.5) (end -1.15 1.5) (layer F.SilkS) (width 0.2))
    (fp_line (start -1.15 1.5) (end -1.15 -1.5) (layer F.SilkS) (width 0.2))
    (fp_line (start -2.9 -1.5) (end -1.5 -1.5) (layer F.SilkS) (width 0.2))
    (fp_text user %R (at 0 0 90) (layer F.Fab) hide
      (effects (font (size 1.27 1.27) (thickness 0.254)))
    )
    (pad 10 smd rect (at 2.2 -1) (size 0.3 1.4) (layers F.Cu F.Paste F.Mask)
      (net 63 CK-))
    (pad 9 smd rect (at 2.2 -0.5) (size 0.3 1.4) (layers F.Cu F.Paste F.Mask)
      (net 64 CK+))
    (pad 8 smd rect (at 2.2 0) (size 0.3 1.4) (layers F.Cu F.Paste F.Mask)
      (net 1 GND))
    (pad 7 smd rect (at 2.2 0.5) (size 0.3 1.4) (layers F.Cu F.Paste F.Mask)
      (net 65 D0-))
    (pad 6 smd rect (at 2.2 1) (size 0.3 1.4) (layers F.Cu F.Paste F.Mask)
      (net 66 D0+))
    (pad 5 smd rect (at -2.2 1) (size 0.3 1.4) (layers F.Cu F.Paste F.Mask)
      (net 66 D0+))
    (pad 4 smd rect (at -2.2 0.5) (size 0.3 1.4) (layers F.Cu F.Paste F.Mask)
      (net 65 D0-))
    (pad 3 smd rect (at -2.2 0) (size 0.3 1.4) (layers F.Cu F.Paste F.Mask)
      (net 102 /Vp_D1))
    (pad 2 smd rect (at -2.2 -0.5) (size 0.3 1.4) (layers F.Cu F.Paste F.Mask)
      (net 64 CK+))
    (pad 1 smd rect (at -2.2 -1) (size 0.3 1.4) (layers F.Cu F.Paste F.Mask)
      (net 63 CK-))
    (model ${KIPRJMOD}/packages3d/D5V0F4U10MR-13.stp
      (at (xyz 0 0 0))
      (scale (xyz 1 1 1))
      (rotate (xyz 0 0 0))
    )
  )

  (module BeamBender:TQFP-64-1EP_10x10mm_P0.5mm_EP5x5mm (layer F.Cu) (tedit 651EA887) (tstamp 6520170B)
    (at 112.111 82.217 225)
    (path /652C51A9)
    (attr smd)
    (fp_text reference U3 (at 0 -7.45 45) (layer F.SilkS)
      (effects (font (size 1 1) (thickness 0.15)))
    )
    (fp_text value ADV7513BSWZ (at 0 7.45 45) (layer F.Fab) hide
      (effects (font (size 1 1) (thickness 0.15)))
    )
    (fp_poly (pts (xy 0.15 0.15) (xy 2.35 0.15) (xy 2.35 2.35) (xy 0.15 2.35)) (layer F.Paste) (width 0))
    (fp_poly (pts (xy -2.35 0.15) (xy -0.15 0.15) (xy -0.15 2.35) (xy -2.35 2.35)) (layer F.Paste) (width 0))
    (fp_poly (pts (xy 0.15 -2.35) (xy 2.35 -2.35) (xy 2.35 -0.15) (xy 0.15 -0.15)) (layer F.Paste) (width 0))
    (fp_poly (pts (xy -2.35 -2.35) (xy -0.15 -2.35) (xy -0.15 -0.15) (xy -2.35 -0.15)) (layer F.Paste) (width 0))
    (fp_poly (pts (xy -2.5 -2.5) (xy 2.5 -2.5) (xy 2.5 2.5) (xy -2.5 2.5)) (layer F.Mask) (width 0.15))
    (fp_line (start -6.7 6.7) (end -6.7 -6.7) (layer F.CrtYd) (width 0.05))
    (fp_line (start 6.7 6.7) (end -6.7 6.7) (layer F.CrtYd) (width 0.05))
    (fp_line (start 6.7 -6.7) (end 6.7 6.7) (layer F.CrtYd) (width 0.05))
    (fp_line (start -6.7 -6.7) (end 6.7 -6.7) (layer F.CrtYd) (width 0.05))
    (fp_line (start 5.15 5.15) (end 5.15 4.25) (layer F.SilkS) (width 0.15))
    (fp_line (start 4.25 5.15) (end 5.15 5.15) (layer F.SilkS) (width 0.15))
    (fp_line (start -5.15 5.15) (end -5.15 4.25) (layer F.SilkS) (width 0.15))
    (fp_line (start -4.25 5.15) (end -5.15 5.15) (layer F.SilkS) (width 0.15))
    (fp_line (start 5.15 -5.15) (end 5.15 -4.25) (layer F.SilkS) (width 0.15))
    (fp_line (start 4.25 -5.15) (end 5.15 -5.15) (layer F.SilkS) (width 0.15))
    (fp_line (start -5.15 -4.25) (end -6.45 -4.25) (layer F.SilkS) (width 0.15))
    (fp_line (start -5.15 -5.15) (end -5.15 -4.25) (layer F.SilkS) (width 0.15))
    (fp_line (start -4.25 -5.15) (end -5.15 -5.15) (layer F.SilkS) (width 0.15))
    (fp_line (start 5 -5) (end -4 -5) (layer F.Fab) (width 0.15))
    (fp_line (start 5 5) (end 5 -5) (layer F.Fab) (width 0.15))
    (fp_line (start -5 5) (end 5 5) (layer F.Fab) (width 0.15))
    (fp_line (start -5 -4) (end -5 5) (layer F.Fab) (width 0.15))
    (fp_line (start -4 -5) (end -5 -4) (layer F.Fab) (width 0.15))
    (pad 1 smd oval (at -5.7 -3.75 315) (size 0.28 1.5) (layers F.Cu F.Paste F.Mask)
      (net 43 "Net-(U3-Pad1)"))
    (pad 2 smd oval (at -5.7 -3.25 315) (size 0.28 1.5) (layers F.Cu F.Paste F.Mask)
      (net 44 "Net-(U3-Pad2)"))
    (pad 3 smd oval (at -5.7 -2.75 315) (size 0.28 1.5) (layers F.Cu F.Paste F.Mask)
      (net 45 "Net-(U3-Pad3)"))
    (pad 4 smd oval (at -5.7 -2.25 315) (size 0.28 1.5) (layers F.Cu F.Paste F.Mask)
      (net 46 "Net-(U3-Pad4)"))
    (pad 5 smd oval (at -5.7 -1.75 315) (size 0.28 1.5) (layers F.Cu F.Paste F.Mask)
      (net 47 "Net-(U3-Pad5)"))
    (pad 6 smd oval (at -5.7 -1.25 315) (size 0.28 1.5) (layers F.Cu F.Paste F.Mask)
      (net 48 "Net-(U3-Pad6)"))
    (pad 7 smd oval (at -5.7 -0.75 315) (size 0.28 1.5) (layers F.Cu F.Paste F.Mask)
      (net 49 "Net-(U3-Pad7)"))
    (pad 8 smd oval (at -5.7 -0.25 315) (size 0.28 1.5) (layers F.Cu F.Paste F.Mask)
      (net 50 "Net-(U3-Pad8)"))
    (pad 9 smd oval (at -5.7 0.25 315) (size 0.28 1.5) (layers F.Cu F.Paste F.Mask)
      (net 51 "Net-(U3-Pad9)"))
    (pad 10 smd oval (at -5.7 0.75 315) (size 0.28 1.5) (layers F.Cu F.Paste F.Mask)
      (net 52 "Net-(U3-Pad10)"))
    (pad 11 smd oval (at -5.7 1.25 315) (size 0.28 1.5) (layers F.Cu F.Paste F.Mask)
      (net 43 "Net-(U3-Pad1)"))
    (pad 12 smd oval (at -5.7 1.75 315) (size 0.28 1.5) (layers F.Cu F.Paste F.Mask)
      (net 53 "Net-(U3-Pad12)"))
    (pad 13 smd oval (at -5.7 2.25 315) (size 0.28 1.5) (layers F.Cu F.Paste F.Mask)
      (net 54 "Net-(U3-Pad13)"))
