(kicad_pcb (version 20171130) (host pcbnew "(5.1.12-1-10_14)")

  (general
    (thickness 1.6)
    (drawings 17)
    (tracks 1226)
    (zones 0)
    (modules 63)
    (nets 168)
  )

  (page A4)
  (layers
    (0 F.Cu signal)
    (1 GND.Cu power)
    (2 3V3.Cu power)
    (31 B.Cu signal)
    (32 B.Adhes user)
    (33 F.Adhes user)
    (34 B.Paste user)
    (35 F.Paste user)
    (36 B.SilkS user)
    (37 F.SilkS user)
    (38 B.Mask user)
    (39 F.Mask user)
    (40 Dwgs.User user)
    (41 Cmts.User user)
    (42 Eco1.User user)
    (43 Eco2.User user)
    (44 Edge.Cuts user)
    (45 Margin user)
    (46 B.CrtYd user)
    (47 F.CrtYd user)
    (48 B.Fab user)
    (49 F.Fab user)
  )

  (setup
    (last_trace_width 0.254)
    (user_trace_width 0.2032)
    (user_trace_width 0.254)
    (user_trace_width 0.2794)
    (user_trace_width 0.3048)
    (user_trace_width 0.381)
    (user_trace_width 0.5)
    (user_trace_width 0.508)
    (user_trace_width 0.8)
    (user_trace_width 1)
    (user_trace_width 1.27)
    (trace_clearance 0.2032)
    (zone_clearance 0.2032)
    (zone_45_only no)
    (trace_min 0.1524)
    (via_size 0.8)
    (via_drill 0.4)
    (via_min_size 0.5)
    (via_min_drill 0.3)
    (user_via 0.5 0.3)
    (uvia_size 0.3)
    (uvia_drill 0.1)
    (uvias_allowed no)
    (uvia_min_size 0.3)
    (uvia_min_drill 0.1)
    (edge_width 0.05)
    (segment_width 0.2)
    (pcb_text_width 0.3)
    (pcb_text_size 1.5 1.5)
    (mod_edge_width 0.12)
    (mod_text_size 1 1)
    (mod_text_width 0.15)
    (pad_size 1.075 0.95)
    (pad_drill 0)
    (pad_to_mask_clearance 0)
    (aux_axis_origin 0 0)
    (grid_origin 98.111 40.217)
    (visible_elements FFFFFF7F)
    (pcbplotparams
      (layerselection 0x010fc_ffffffff)
      (usegerberextensions false)
      (usegerberattributes true)
      (usegerberadvancedattributes true)
      (creategerberjobfile true)
      (excludeedgelayer true)
      (linewidth 0.100000)
      (plotframeref false)
      (viasonmask false)
      (mode 1)
      (useauxorigin false)
      (hpglpennumber 1)
      (hpglpenspeed 20)
      (hpglpendiameter 15.000000)
      (psnegative false)
      (psa4output false)
      (plotreference true)
      (plotvalue true)
      (plotinvisibletext false)
      (padsonsilk false)
      (subtractmaskfromsilk false)
      (outputformat 1)
      (mirror false)
      (drillshape 0)
      (scaleselection 1)
      (outputdirectory "out/"))
  )

  (net 0 "")
  (net 1 GND)
  (net 2 3V3)
  (net 3 R0_3V3)
  (net 4 R1_3V3)
  (net 5 R2_3V3)
  (net 6 R3_3V3)
  (net 7 B0_3V3)
  (net 8 B1_3V3)
  (net 9 B2_3V3)
  (net 10 B3_3V3)
  (net 11 G3_3V3)
  (net 12 G2_3V3)
  (net 13 G1_3V3)
  (net 14 G0_3V3)
  (net 15 CSYNC_3V3)
  (net 16 PIXELSW_3V3)
  (net 17 VCC)
  (net 18 "Net-(J1-Pad40)")
  (net 19 "Net-(J1-Pad39)")
  (net 20 "Net-(J1-Pad38)")
  (net 21 "Net-(J1-Pad37)")
  (net 22 "Net-(J1-Pad36)")
  (net 23 "Net-(J1-Pad35)")
  (net 24 R4_3V3)
  (net 25 R5_3V3)
  (net 26 R6_3V3)
  (net 27 R7_3V3)
  (net 28 G4_3V3)
  (net 29 G5_3V3)
  (net 30 G6_3V3)
  (net 31 G7_3V3)
  (net 32 B4_3V3)
  (net 33 B5_3V3)
  (net 34 B6_3V3)
  (net 35 B7_3V3)
  (net 36 HSYNC_3V3)
  (net 37 VSYNC_3V3)
  (net 38 C14M_3V3)
  (net 39 "Net-(J2-Pad14)")
  (net 40 "Net-(J2-Pad13)")
  (net 41 R_AUDIO)
  (net 42 L_AUDIO)
  (net 43 "Net-(U3-Pad3)")
  (net 44 "Net-(U3-Pad4)")
  (net 45 "Net-(U3-Pad5)")
  (net 46 "Net-(U3-Pad6)")
  (net 47 "Net-(U3-Pad7)")
  (net 48 "Net-(U3-Pad8)")
  (net 49 "Net-(U3-Pad9)")
  (net 50 "Net-(U3-Pad10)")
  (net 51 CK-)
  (net 52 CK+)
  (net 53 D0-)
  (net 54 D0+)
  (net 55 D1-)
  (net 56 D1+)
  (net 57 D2-)
  (net 58 D2+)
  (net 59 HPD)
  (net 60 /PD)
  (net 61 DDC_SCL)
  (net 62 DDC_SDA)
  (net 63 R7_FPGA)
  (net 64 R6_FPGA)
  (net 65 R5_FPGA)
  (net 66 R4_FPGA)
  (net 67 R3_FPGA)
  (net 68 R2_FPGA)
  (net 69 R1_FPGA)
  (net 70 R0_FPGA)
  (net 71 G7_FPGA)
  (net 72 G6_FPGA)
  (net 73 G5_FPGA)
  (net 74 G4_FPGA)
  (net 75 G3_FPGA)
  (net 76 G2_FPGA)
  (net 77 G1_FPGA)
  (net 78 G0_FPGA)
  (net 79 B7_FPGA)
  (net 80 B6_FPGA)
  (net 81 B5_FPGA)
  (net 82 B4_FPGA)
  (net 83 B3_FPGA)
  (net 84 B2_FPGA)
  (net 85 B1_FPGA)
  (net 86 B0_FPGA)
  (net 87 AVDD)
  (net 88 "Net-(D3-Pad10)")
  (net 89 "Net-(D3-Pad1)")
  (net 90 /Vp_D1)
  (net 91 /Vp_D2)
  (net 92 "Net-(U2-Pad144)")
  (net 93 "Net-(U2-Pad143)")
  (net 94 "Net-(U2-Pad142)")
  (net 95 "Net-(U2-Pad141)")
  (net 96 "Net-(U2-Pad140)")
  (net 97 "Net-(U2-Pad139)")
  (net 98 "Net-(U2-Pad138)")
  (net 99 "Net-(U2-Pad137)")
  (net 100 "Net-(U2-Pad136)")
  (net 101 "Net-(U2-Pad135)")
  (net 102 "Net-(U2-Pad134)")
  (net 103 "Net-(U2-Pad133)")
  (net 104 "Net-(U2-Pad132)")
  (net 105 "Net-(U2-Pad131)")
  (net 106 "Net-(U2-Pad130)")
  (net 107 "Net-(U2-Pad129)")
  (net 108 "Net-(U2-Pad128)")
  (net 109 "Net-(U2-Pad126)")
  (net 110 "Net-(U2-Pad125)")
  (net 111 "Net-(U2-Pad124)")
  (net 112 "Net-(U2-Pad122)")
  (net 113 "Net-(U2-Pad121)")
  (net 114 "Net-(U2-Pad120)")
  (net 115 "Net-(U2-Pad119)")
  (net 116 "Net-(U2-Pad118)")
  (net 117 "Net-(U2-Pad117)")
  (net 118 "Net-(U2-Pad116)")
  (net 119 "Net-(U2-Pad115)")
  (net 120 "Net-(U2-Pad114)")
  (net 121 "Net-(U2-Pad113)")
  (net 122 "Net-(U2-Pad112)")
  (net 123 "Net-(U2-Pad111)")
  (net 124 "Net-(U2-Pad110)")
  (net 125 "Net-(U2-Pad30)")
  (net 126 "Net-(U2-Pad29)")
  (net 127 "Net-(U2-Pad28)")
  (net 128 "Net-(U2-Pad27)")
  (net 129 "Net-(U2-Pad26)")
  (net 130 "Net-(U2-Pad25)")
  (net 131 "Net-(U2-Pad24)")
  (net 132 "Net-(U2-Pad23)")
  (net 133 "Net-(U2-Pad12)")
  (net 134 "Net-(U2-Pad11)")
  (net 135 "Net-(U2-Pad10)")
  (net 136 "Net-(U2-Pad8)")
  (net 137 "Net-(U2-Pad6)")
  (net 138 "Net-(U2-Pad5)")
  (net 139 "Net-(U2-Pad4)")
  (net 140 "Net-(U2-Pad3)")
  (net 141 READY)
  (net 142 DONE)
  (net 143 RECONFIG_N)
  (net 144 TDO)
  (net 145 TDI)
  (net 146 SCLK)
  (net 147 TCK)
  (net 148 TMS)
  (net 149 JTAGSEL_N)
  (net 150 XTAL_27M)
  (net 151 "Net-(R1-Pad1)")
  (net 152 SCL_I2C)
  (net 153 SDA_I2C)
  (net 154 INT)
  (net 155 DVDD)
  (net 156 PVDD)
  (net 157 BGVDD)
  (net 158 DVDD_3V)
  (net 159 PCLK)
  (net 160 DE)
  (net 161 HSYNC_FPGA)
  (net 162 VSYNC_FPGA)
  (net 163 XTAL_50M)
  (net 164 "Net-(R2-Pad1)")
  (net 165 /BeamBender_FPGA/Pixel_CLK)
  (net 166 1V8)
  (net 167 "Net-(R11-Pad1)")

  (net_class Default "This is the default net class."
    (clearance 0.2032)
    (trace_width 0.1524)
    (via_dia 0.8)
    (via_drill 0.4)
    (uvia_dia 0.3)
    (uvia_drill 0.1)
    (add_net /BeamBender_FPGA/Pixel_CLK)
    (add_net /PD)
    (add_net /Vp_D1)
    (add_net /Vp_D2)
    (add_net 1V8)
    (add_net 3V3)
    (add_net AVDD)
    (add_net B0_3V3)
    (add_net B0_FPGA)
    (add_net B1_3V3)
    (add_net B1_FPGA)
    (add_net B2_3V3)
    (add_net B2_FPGA)
    (add_net B3_3V3)
    (add_net B3_FPGA)
    (add_net B4_3V3)
    (add_net B4_FPGA)
    (add_net B5_3V3)
    (add_net B5_FPGA)
    (add_net B6_3V3)
    (add_net B6_FPGA)
    (add_net B7_3V3)
    (add_net B7_FPGA)
    (add_net BGVDD)
    (add_net C14M_3V3)
    (add_net CK+)
    (add_net CK-)
    (add_net CSYNC_3V3)
    (add_net D0+)
    (add_net D0-)
    (add_net D1+)
    (add_net D1-)
    (add_net D2+)
    (add_net D2-)
    (add_net DDC_SCL)
    (add_net DDC_SDA)
    (add_net DE)
    (add_net DONE)
    (add_net DVDD)
    (add_net DVDD_3V)
    (add_net G0_3V3)
    (add_net G0_FPGA)
    (add_net G1_3V3)
    (add_net G1_FPGA)
    (add_net G2_3V3)
    (add_net G2_FPGA)
    (add_net G3_3V3)
    (add_net G3_FPGA)
    (add_net G4_3V3)
    (add_net G4_FPGA)
    (add_net G5_3V3)
    (add_net G5_FPGA)
    (add_net G6_3V3)
    (add_net G6_FPGA)
    (add_net G7_3V3)
    (add_net G7_FPGA)
    (add_net GND)
    (add_net HPD)
    (add_net HSYNC_3V3)
    (add_net HSYNC_FPGA)
    (add_net INT)
    (add_net JTAGSEL_N)
    (add_net L_AUDIO)
    (add_net "Net-(D3-Pad1)")
    (add_net "Net-(D3-Pad10)")
    (add_net "Net-(J1-Pad35)")
    (add_net "Net-(J1-Pad36)")
    (add_net "Net-(J1-Pad37)")
    (add_net "Net-(J1-Pad38)")
    (add_net "Net-(J1-Pad39)")
    (add_net "Net-(J1-Pad40)")
    (add_net "Net-(J2-Pad13)")
    (add_net "Net-(J2-Pad14)")
    (add_net "Net-(R1-Pad1)")
    (add_net "Net-(R11-Pad1)")
    (add_net "Net-(R2-Pad1)")
    (add_net "Net-(U2-Pad10)")
    (add_net "Net-(U2-Pad11)")
    (add_net "Net-(U2-Pad110)")
    (add_net "Net-(U2-Pad111)")
    (add_net "Net-(U2-Pad112)")
    (add_net "Net-(U2-Pad113)")
    (add_net "Net-(U2-Pad114)")
    (add_net "Net-(U2-Pad115)")
    (add_net "Net-(U2-Pad116)")
    (add_net "Net-(U2-Pad117)")
    (add_net "Net-(U2-Pad118)")
    (add_net "Net-(U2-Pad119)")
    (add_net "Net-(U2-Pad12)")
    (add_net "Net-(U2-Pad120)")
    (add_net "Net-(U2-Pad121)")
    (add_net "Net-(U2-Pad122)")
    (add_net "Net-(U2-Pad124)")
    (add_net "Net-(U2-Pad125)")
    (add_net "Net-(U2-Pad126)")
    (add_net "Net-(U2-Pad128)")
    (add_net "Net-(U2-Pad129)")
    (add_net "Net-(U2-Pad130)")
    (add_net "Net-(U2-Pad131)")
    (add_net "Net-(U2-Pad132)")
    (add_net "Net-(U2-Pad133)")
    (add_net "Net-(U2-Pad134)")
    (add_net "Net-(U2-Pad135)")
    (add_net "Net-(U2-Pad136)")
    (add_net "Net-(U2-Pad137)")
    (add_net "Net-(U2-Pad138)")
    (add_net "Net-(U2-Pad139)")
    (add_net "Net-(U2-Pad140)")
    (add_net "Net-(U2-Pad141)")
    (add_net "Net-(U2-Pad142)")
    (add_net "Net-(U2-Pad143)")
    (add_net "Net-(U2-Pad144)")
    (add_net "Net-(U2-Pad23)")
    (add_net "Net-(U2-Pad24)")
    (add_net "Net-(U2-Pad25)")
    (add_net "Net-(U2-Pad26)")
    (add_net "Net-(U2-Pad27)")
    (add_net "Net-(U2-Pad28)")
    (add_net "Net-(U2-Pad29)")
    (add_net "Net-(U2-Pad3)")
    (add_net "Net-(U2-Pad30)")
    (add_net "Net-(U2-Pad4)")
    (add_net "Net-(U2-Pad5)")
    (add_net "Net-(U2-Pad6)")
    (add_net "Net-(U2-Pad8)")
    (add_net "Net-(U3-Pad10)")
    (add_net "Net-(U3-Pad3)")
    (add_net "Net-(U3-Pad4)")
    (add_net "Net-(U3-Pad5)")
    (add_net "Net-(U3-Pad6)")
    (add_net "Net-(U3-Pad7)")
    (add_net "Net-(U3-Pad8)")
    (add_net "Net-(U3-Pad9)")
    (add_net PCLK)
    (add_net PIXELSW_3V3)
    (add_net PVDD)
    (add_net R0_3V3)
    (add_net R0_FPGA)
    (add_net R1_3V3)
    (add_net R1_FPGA)
    (add_net R2_3V3)
    (add_net R2_FPGA)
    (add_net R3_3V3)
    (add_net R3_FPGA)
    (add_net R4_3V3)
    (add_net R4_FPGA)
    (add_net R5_3V3)
    (add_net R5_FPGA)
    (add_net R6_3V3)
    (add_net R6_FPGA)
    (add_net R7_3V3)
    (add_net R7_FPGA)
    (add_net READY)
    (add_net RECONFIG_N)
    (add_net R_AUDIO)
    (add_net SCLK)
    (add_net SCL_I2C)
    (add_net SDA_I2C)
    (add_net TCK)
    (add_net TDI)
    (add_net TDO)
    (add_net TMS)
    (add_net VCC)
    (add_net VSYNC_3V3)
    (add_net VSYNC_FPGA)
    (add_net XTAL_27M)
    (add_net XTAL_50M)
  )

  (module Capacitor_SMD:C_1206_3216Metric_Pad1.33x1.80mm_HandSolder (layer B.Cu) (tedit 5F68FEEF) (tstamp 65C62A94)
    (at 106.321 74.207 90)
    (descr "Capacitor SMD 1206 (3216 Metric), square (rectangular) end terminal, IPC_7351 nominal with elongated pad for handsoldering. (Body size source: IPC-SM-782 page 76, https://www.pcb-3d.com/wordpress/wp-content/uploads/ipc-sm-782a_amendment_1_and_2.pdf), generated with kicad-footprint-generator")
    (tags "capacitor handsolder")
    (path /65EBBD29)
    (attr smd)
    (fp_text reference C36 (at 0 1.85 90) (layer B.SilkS)
      (effects (font (size 1 1) (thickness 0.15)) (justify mirror))
    )
    (fp_text value "10uF (1206)" (at 0 -1.85 90) (layer B.Fab) hide
      (effects (font (size 1 1) (thickness 0.15)) (justify mirror))
    )
    (fp_text user %R (at 0 0 90) (layer B.Fab) hide
      (effects (font (size 0.8 0.8) (thickness 0.12)) (justify mirror))
    )
    (fp_line (start -1.6 -0.8) (end -1.6 0.8) (layer B.Fab) (width 0.1))
    (fp_line (start -1.6 0.8) (end 1.6 0.8) (layer B.Fab) (width 0.1))
    (fp_line (start 1.6 0.8) (end 1.6 -0.8) (layer B.Fab) (width 0.1))
    (fp_line (start 1.6 -0.8) (end -1.6 -0.8) (layer B.Fab) (width 0.1))
    (fp_line (start -0.711252 0.91) (end 0.711252 0.91) (layer B.SilkS) (width 0.12))
    (fp_line (start -0.711252 -0.91) (end 0.711252 -0.91) (layer B.SilkS) (width 0.12))
    (fp_line (start -2.48 -1.15) (end -2.48 1.15) (layer B.CrtYd) (width 0.05))
    (fp_line (start -2.48 1.15) (end 2.48 1.15) (layer B.CrtYd) (width 0.05))
    (fp_line (start 2.48 1.15) (end 2.48 -1.15) (layer B.CrtYd) (width 0.05))
    (fp_line (start 2.48 -1.15) (end -2.48 -1.15) (layer B.CrtYd) (width 0.05))
    (pad 2 smd roundrect (at 1.5625 0 90) (size 1.325 1.8) (layers B.Cu B.Paste B.Mask) (roundrect_rratio 0.188679)
      (net 1 GND))
    (pad 1 smd roundrect (at -1.5625 0 90) (size 1.325 1.8) (layers B.Cu B.Paste B.Mask) (roundrect_rratio 0.188679)
      (net 87 AVDD))
    (model ${KISYS3DMOD}/Capacitor_SMD.3dshapes/C_1206_3216Metric.wrl
      (at (xyz 0 0 0))
      (scale (xyz 1 1 1))
      (rotate (xyz 0 0 0))
    )
  )

  (module Capacitor_SMD:C_0603_1608Metric_Pad1.08x0.95mm_HandSolder (layer F.Cu) (tedit 5F68FEEF) (tstamp 65C5BEF0)
    (at 115.191 72.747 270)
    (descr "Capacitor SMD 0603 (1608 Metric), square (rectangular) end terminal, IPC_7351 nominal with elongated pad for handsoldering. (Body size source: IPC-SM-782 page 76, https://www.pcb-3d.com/wordpress/wp-content/uploads/ipc-sm-782a_amendment_1_and_2.pdf), generated with kicad-footprint-generator")
    (tags "capacitor handsolder")
    (path /65E8D3B1)
    (attr smd)
    (fp_text reference C35 (at -3.17 -0.46 90) (layer F.SilkS)
      (effects (font (size 1 1) (thickness 0.15)))
    )
    (fp_text value "0.1uF (0603)" (at 0 1.43 90) (layer F.Fab) hide
      (effects (font (size 1 1) (thickness 0.15)))
    )
    (fp_line (start 1.65 0.73) (end -1.65 0.73) (layer F.CrtYd) (width 0.05))
    (fp_line (start 1.65 -0.73) (end 1.65 0.73) (layer F.CrtYd) (width 0.05))
    (fp_line (start -1.65 -0.73) (end 1.65 -0.73) (layer F.CrtYd) (width 0.05))
    (fp_line (start -1.65 0.73) (end -1.65 -0.73) (layer F.CrtYd) (width 0.05))
    (fp_line (start -0.146267 0.51) (end 0.146267 0.51) (layer F.SilkS) (width 0.12))
    (fp_line (start -0.146267 -0.51) (end 0.146267 -0.51) (layer F.SilkS) (width 0.12))
    (fp_line (start 0.8 0.4) (end -0.8 0.4) (layer F.Fab) (width 0.1))
    (fp_line (start 0.8 -0.4) (end 0.8 0.4) (layer F.Fab) (width 0.1))
    (fp_line (start -0.8 -0.4) (end 0.8 -0.4) (layer F.Fab) (width 0.1))
    (fp_line (start -0.8 0.4) (end -0.8 -0.4) (layer F.Fab) (width 0.1))
    (fp_text user %R (at 0 0 90) (layer F.Fab) hide
      (effects (font (size 0.4 0.4) (thickness 0.06)))
    )
    (pad 2 smd roundrect (at 0.8625 0 270) (size 1.075 0.95) (layers F.Cu F.Paste F.Mask) (roundrect_rratio 0.25)
      (net 87 AVDD))
    (pad 1 smd roundrect (at -0.8625 0 270) (size 1.075 0.95) (layers F.Cu F.Paste F.Mask) (roundrect_rratio 0.25)
      (net 1 GND))
    (model ${KISYS3DMOD}/Capacitor_SMD.3dshapes/C_0603_1608Metric.wrl
      (at (xyz 0 0 0))
      (scale (xyz 1 1 1))
      (rotate (xyz 0 0 0))
    )
  )

  (module Capacitor_SMD:C_0805_2012Metric_Pad1.18x1.45mm_HandSolder (layer B.Cu) (tedit 5F68FEEF) (tstamp 65C56236)
    (at 106.301 85.087 90)
    (descr "Capacitor SMD 0805 (2012 Metric), square (rectangular) end terminal, IPC_7351 nominal with elongated pad for handsoldering. (Body size source: IPC-SM-782 page 76, https://www.pcb-3d.com/wordpress/wp-content/uploads/ipc-sm-782a_amendment_1_and_2.pdf, https://docs.google.com/spreadsheets/d/1BsfQQcO9C6DZCsRaXUlFlo91Tg2WpOkGARC1WS5S8t0/edit?usp=sharing), generated with kicad-footprint-generator")
    (tags "capacitor handsolder")
    (path /65E13613)
    (attr smd)
    (fp_text reference L3 (at 0 1.68 90) (layer B.SilkS)
      (effects (font (size 1 1) (thickness 0.15)) (justify mirror))
    )
    (fp_text value 10uH (at 0 -1.68 90) (layer B.Fab) hide
      (effects (font (size 1 1) (thickness 0.15)) (justify mirror))
    )
    (fp_line (start -1 -0.625) (end -1 0.625) (layer B.Fab) (width 0.1))
    (fp_line (start -1 0.625) (end 1 0.625) (layer B.Fab) (width 0.1))
    (fp_line (start 1 0.625) (end 1 -0.625) (layer B.Fab) (width 0.1))
    (fp_line (start 1 -0.625) (end -1 -0.625) (layer B.Fab) (width 0.1))
    (fp_line (start -0.261252 0.735) (end 0.261252 0.735) (layer B.SilkS) (width 0.12))
    (fp_line (start -0.261252 -0.735) (end 0.261252 -0.735) (layer B.SilkS) (width 0.12))
    (fp_line (start -1.88 -0.98) (end -1.88 0.98) (layer B.CrtYd) (width 0.05))
    (fp_line (start -1.88 0.98) (end 1.88 0.98) (layer B.CrtYd) (width 0.05))
    (fp_line (start 1.88 0.98) (end 1.88 -0.98) (layer B.CrtYd) (width 0.05))
    (fp_line (start 1.88 -0.98) (end -1.88 -0.98) (layer B.CrtYd) (width 0.05))
    (fp_text user %R (at 0 0 90) (layer B.Fab) hide
      (effects (font (size 0.5 0.5) (thickness 0.08)) (justify mirror))
    )
    (pad 2 smd roundrect (at 1.0375 0 90) (size 1.175 1.45) (layers B.Cu B.Paste B.Mask) (roundrect_rratio 0.212766)
      (net 87 AVDD))
    (pad 1 smd roundrect (at -1.0375 0 90) (size 1.175 1.45) (layers B.Cu B.Paste B.Mask) (roundrect_rratio 0.212766)
      (net 166 1V8))
    (model ${KISYS3DMOD}/Capacitor_SMD.3dshapes/C_0805_2012Metric.wrl
      (at (xyz 0 0 0))
      (scale (xyz 1 1 1))
      (rotate (xyz 0 0 0))
    )
  )

  (module Resistor_SMD:R_0603_1608Metric_Pad0.98x0.95mm_HandSolder (layer F.Cu) (tedit 5F68FEEE) (tstamp 65C48865)
    (at 116.781 72.747 90)
    (descr "Resistor SMD 0603 (1608 Metric), square (rectangular) end terminal, IPC_7351 nominal with elongated pad for handsoldering. (Body size source: IPC-SM-782 page 72, https://www.pcb-3d.com/wordpress/wp-content/uploads/ipc-sm-782a_amendment_1_and_2.pdf), generated with kicad-footprint-generator")
    (tags "resistor handsolder")
    (path /65DD51EC)
    (attr smd)
    (fp_text reference R11 (at -0.37 1.46 90) (layer F.SilkS)
      (effects (font (size 1 1) (thickness 0.15)))
    )
    (fp_text value 887 (at 0 1.43 90) (layer F.Fab) hide
      (effects (font (size 1 1) (thickness 0.15)))
    )
    (fp_line (start -0.8 0.4125) (end -0.8 -0.4125) (layer F.Fab) (width 0.1))
    (fp_line (start -0.8 -0.4125) (end 0.8 -0.4125) (layer F.Fab) (width 0.1))
    (fp_line (start 0.8 -0.4125) (end 0.8 0.4125) (layer F.Fab) (width 0.1))
    (fp_line (start 0.8 0.4125) (end -0.8 0.4125) (layer F.Fab) (width 0.1))
    (fp_line (start -0.254724 -0.5225) (end 0.254724 -0.5225) (layer F.SilkS) (width 0.12))
    (fp_line (start -0.254724 0.5225) (end 0.254724 0.5225) (layer F.SilkS) (width 0.12))
    (fp_line (start -1.65 0.73) (end -1.65 -0.73) (layer F.CrtYd) (width 0.05))
    (fp_line (start -1.65 -0.73) (end 1.65 -0.73) (layer F.CrtYd) (width 0.05))
    (fp_line (start 1.65 -0.73) (end 1.65 0.73) (layer F.CrtYd) (width 0.05))
    (fp_line (start 1.65 0.73) (end -1.65 0.73) (layer F.CrtYd) (width 0.05))
    (fp_text user %R (at 0 0 90) (layer F.Fab) hide
      (effects (font (size 0.4 0.4) (thickness 0.06)))
    )
    (pad 2 smd roundrect (at 0.9125 0 90) (size 0.975 0.95) (layers F.Cu F.Paste F.Mask) (roundrect_rratio 0.25)
      (net 1 GND))
    (pad 1 smd roundrect (at -0.9125 0 90) (size 0.975 0.95) (layers F.Cu F.Paste F.Mask) (roundrect_rratio 0.25)
      (net 167 "Net-(R11-Pad1)"))
    (model ${KISYS3DMOD}/Resistor_SMD.3dshapes/R_0603_1608Metric.wrl
      (at (xyz 0 0 0))
      (scale (xyz 1 1 1))
      (rotate (xyz 0 0 0))
    )
  )

  (module Capacitor_SMD:C_0603_1608Metric_Pad1.08x0.95mm_HandSolder (layer F.Cu) (tedit 5F68FEEF) (tstamp 65C3FC1B)
    (at 122.211 81.047)
    (descr "Capacitor SMD 0603 (1608 Metric), square (rectangular) end terminal, IPC_7351 nominal with elongated pad for handsoldering. (Body size source: IPC-SM-782 page 76, https://www.pcb-3d.com/wordpress/wp-content/uploads/ipc-sm-782a_amendment_1_and_2.pdf), generated with kicad-footprint-generator")
    (tags "capacitor handsolder")
    (path /65D92B02)
    (attr smd)
    (fp_text reference C34 (at 3.39 0) (layer F.SilkS)
      (effects (font (size 1 1) (thickness 0.15)))
    )
    (fp_text value "0.1uF (0603)" (at 0 1.43) (layer F.Fab) hide
      (effects (font (size 1 1) (thickness 0.15)))
    )
    (fp_line (start -0.8 0.4) (end -0.8 -0.4) (layer F.Fab) (width 0.1))
    (fp_line (start -0.8 -0.4) (end 0.8 -0.4) (layer F.Fab) (width 0.1))
    (fp_line (start 0.8 -0.4) (end 0.8 0.4) (layer F.Fab) (width 0.1))
    (fp_line (start 0.8 0.4) (end -0.8 0.4) (layer F.Fab) (width 0.1))
    (fp_line (start -0.146267 -0.51) (end 0.146267 -0.51) (layer F.SilkS) (width 0.12))
    (fp_line (start -0.146267 0.51) (end 0.146267 0.51) (layer F.SilkS) (width 0.12))
    (fp_line (start -1.65 0.73) (end -1.65 -0.73) (layer F.CrtYd) (width 0.05))
    (fp_line (start -1.65 -0.73) (end 1.65 -0.73) (layer F.CrtYd) (width 0.05))
    (fp_line (start 1.65 -0.73) (end 1.65 0.73) (layer F.CrtYd) (width 0.05))
    (fp_line (start 1.65 0.73) (end -1.65 0.73) (layer F.CrtYd) (width 0.05))
    (fp_text user %R (at 0 0) (layer F.Fab) hide
      (effects (font (size 0.4 0.4) (thickness 0.06)))
    )
    (pad 2 smd roundrect (at 0.8625 0) (size 1.075 0.95) (layers F.Cu F.Paste F.Mask) (roundrect_rratio 0.25)
      (net 1 GND))
    (pad 1 smd roundrect (at -0.8625 0) (size 1.075 0.95) (layers F.Cu F.Paste F.Mask) (roundrect_rratio 0.25)
      (net 155 DVDD))
    (model ${KISYS3DMOD}/Capacitor_SMD.3dshapes/C_0603_1608Metric.wrl
      (at (xyz 0 0 0))
      (scale (xyz 1 1 1))
      (rotate (xyz 0 0 0))
    )
  )

  (module Capacitor_SMD:C_0603_1608Metric_Pad1.08x0.95mm_HandSolder (layer F.Cu) (tedit 5F68FEEF) (tstamp 65C33DD2)
    (at 102.161 80.767 180)
    (descr "Capacitor SMD 0603 (1608 Metric), square (rectangular) end terminal, IPC_7351 nominal with elongated pad for handsoldering. (Body size source: IPC-SM-782 page 76, https://www.pcb-3d.com/wordpress/wp-content/uploads/ipc-sm-782a_amendment_1_and_2.pdf), generated with kicad-footprint-generator")
    (tags "capacitor handsolder")
    (path /65D62DDA)
    (attr smd)
    (fp_text reference C33 (at 2.225 -1.3 180) (layer F.SilkS)
      (effects (font (size 1 1) (thickness 0.15)))
    )
    (fp_text value "0.1uF (0603)" (at 0 1.43) (layer F.Fab) hide
      (effects (font (size 1 1) (thickness 0.15)))
    )
    (fp_line (start -0.8 0.4) (end -0.8 -0.4) (layer F.Fab) (width 0.1))
    (fp_line (start -0.8 -0.4) (end 0.8 -0.4) (layer F.Fab) (width 0.1))
    (fp_line (start 0.8 -0.4) (end 0.8 0.4) (layer F.Fab) (width 0.1))
    (fp_line (start 0.8 0.4) (end -0.8 0.4) (layer F.Fab) (width 0.1))
    (fp_line (start -0.146267 -0.51) (end 0.146267 -0.51) (layer F.SilkS) (width 0.12))
    (fp_line (start -0.146267 0.51) (end 0.146267 0.51) (layer F.SilkS) (width 0.12))
    (fp_line (start -1.65 0.73) (end -1.65 -0.73) (layer F.CrtYd) (width 0.05))
    (fp_line (start -1.65 -0.73) (end 1.65 -0.73) (layer F.CrtYd) (width 0.05))
    (fp_line (start 1.65 -0.73) (end 1.65 0.73) (layer F.CrtYd) (width 0.05))
    (fp_line (start 1.65 0.73) (end -1.65 0.73) (layer F.CrtYd) (width 0.05))
    (fp_text user %R (at 0 0) (layer F.Fab) hide
      (effects (font (size 0.4 0.4) (thickness 0.06)))
    )
    (pad 2 smd roundrect (at 0.8625 0 180) (size 1.075 0.95) (layers F.Cu F.Paste F.Mask) (roundrect_rratio 0.25)
      (net 1 GND))
    (pad 1 smd roundrect (at -0.8625 0 180) (size 1.075 0.95) (layers F.Cu F.Paste F.Mask) (roundrect_rratio 0.25)
      (net 155 DVDD))
    (model ${KISYS3DMOD}/Capacitor_SMD.3dshapes/C_0603_1608Metric.wrl
      (at (xyz 0 0 0))
      (scale (xyz 1 1 1))
      (rotate (xyz 0 0 0))
    )
  )

  (module Capacitor_SMD:C_0805_2012Metric_Pad1.18x1.45mm_HandSolder (layer B.Cu) (tedit 5F68FEEF) (tstamp 65C3CA27)
    (at 106.511 88.842 90)
    (descr "Capacitor SMD 0805 (2012 Metric), square (rectangular) end terminal, IPC_7351 nominal with elongated pad for handsoldering. (Body size source: IPC-SM-782 page 76, https://www.pcb-3d.com/wordpress/wp-content/uploads/ipc-sm-782a_amendment_1_and_2.pdf, https://docs.google.com/spreadsheets/d/1BsfQQcO9C6DZCsRaXUlFlo91Tg2WpOkGARC1WS5S8t0/edit?usp=sharing), generated with kicad-footprint-generator")
    (tags "capacitor handsolder")
    (path /65D34DF4)
    (attr smd)
    (fp_text reference L2 (at 0 -1.95 180) (layer B.SilkS)
      (effects (font (size 1 1) (thickness 0.15)) (justify mirror))
    )
    (fp_text value 10uH (at 0 -1.68 90) (layer B.Fab) hide
      (effects (font (size 1 1) (thickness 0.15)) (justify mirror))
    )
    (fp_line (start 1.88 -0.98) (end -1.88 -0.98) (layer B.CrtYd) (width 0.05))
    (fp_line (start 1.88 0.98) (end 1.88 -0.98) (layer B.CrtYd) (width 0.05))
    (fp_line (start -1.88 0.98) (end 1.88 0.98) (layer B.CrtYd) (width 0.05))
    (fp_line (start -1.88 -0.98) (end -1.88 0.98) (layer B.CrtYd) (width 0.05))
    (fp_line (start -0.261252 -0.735) (end 0.261252 -0.735) (layer B.SilkS) (width 0.12))
    (fp_line (start -0.261252 0.735) (end 0.261252 0.735) (layer B.SilkS) (width 0.12))
    (fp_line (start 1 -0.625) (end -1 -0.625) (layer B.Fab) (width 0.1))
    (fp_line (start 1 0.625) (end 1 -0.625) (layer B.Fab) (width 0.1))
    (fp_line (start -1 0.625) (end 1 0.625) (layer B.Fab) (width 0.1))
    (fp_line (start -1 -0.625) (end -1 0.625) (layer B.Fab) (width 0.1))
    (fp_text user %R (at 0 0 90) (layer B.Fab) hide
      (effects (font (size 0.5 0.5) (thickness 0.08)) (justify mirror))
    )
    (pad 2 smd roundrect (at 1.0375 0 90) (size 1.175 1.45) (layers B.Cu B.Paste B.Mask) (roundrect_rratio 0.212766)
      (net 155 DVDD))
    (pad 1 smd roundrect (at -1.0375 0 90) (size 1.175 1.45) (layers B.Cu B.Paste B.Mask) (roundrect_rratio 0.212766)
      (net 166 1V8))
    (model ${KISYS3DMOD}/Capacitor_SMD.3dshapes/C_0805_2012Metric.wrl
      (at (xyz 0 0 0))
      (scale (xyz 1 1 1))
      (rotate (xyz 0 0 0))
    )
  )

  (module Capacitor_SMD:C_0603_1608Metric_Pad1.08x0.95mm_HandSolder (layer F.Cu) (tedit 5F68FEEF) (tstamp 65C399E8)
    (at 102.161 79.167 180)
    (descr "Capacitor SMD 0603 (1608 Metric), square (rectangular) end terminal, IPC_7351 nominal with elongated pad for handsoldering. (Body size source: IPC-SM-782 page 76, https://www.pcb-3d.com/wordpress/wp-content/uploads/ipc-sm-782a_amendment_1_and_2.pdf), generated with kicad-footprint-generator")
    (tags "capacitor handsolder")
    (path /65D043CD)
    (attr smd)
    (fp_text reference C32 (at 2.85 0 270) (layer F.SilkS)
      (effects (font (size 1 1) (thickness 0.15)))
    )
    (fp_text value "0.1uF (0603)" (at 0 1.43) (layer F.Fab) hide
      (effects (font (size 1 1) (thickness 0.15)))
    )
    (fp_line (start -0.8 0.4) (end -0.8 -0.4) (layer F.Fab) (width 0.1))
    (fp_line (start -0.8 -0.4) (end 0.8 -0.4) (layer F.Fab) (width 0.1))
    (fp_line (start 0.8 -0.4) (end 0.8 0.4) (layer F.Fab) (width 0.1))
    (fp_line (start 0.8 0.4) (end -0.8 0.4) (layer F.Fab) (width 0.1))
    (fp_line (start -0.146267 -0.51) (end 0.146267 -0.51) (layer F.SilkS) (width 0.12))
    (fp_line (start -0.146267 0.51) (end 0.146267 0.51) (layer F.SilkS) (width 0.12))
    (fp_line (start -1.65 0.73) (end -1.65 -0.73) (layer F.CrtYd) (width 0.05))
    (fp_line (start -1.65 -0.73) (end 1.65 -0.73) (layer F.CrtYd) (width 0.05))
    (fp_line (start 1.65 -0.73) (end 1.65 0.73) (layer F.CrtYd) (width 0.05))
    (fp_line (start 1.65 0.73) (end -1.65 0.73) (layer F.CrtYd) (width 0.05))
    (fp_text user %R (at 0 0) (layer F.Fab) hide
      (effects (font (size 0.4 0.4) (thickness 0.06)))
    )
    (pad 2 smd roundrect (at 0.8625 0 180) (size 1.075 0.95) (layers F.Cu F.Paste F.Mask) (roundrect_rratio 0.25)
      (net 1 GND))
    (pad 1 smd roundrect (at -0.8625 0 180) (size 1.075 0.95) (layers F.Cu F.Paste F.Mask) (roundrect_rratio 0.25)
      (net 158 DVDD_3V))
    (model ${KISYS3DMOD}/Capacitor_SMD.3dshapes/C_0603_1608Metric.wrl
      (at (xyz 0 0 0))
      (scale (xyz 1 1 1))
      (rotate (xyz 0 0 0))
    )
  )

  (module Capacitor_SMD:C_0805_2012Metric_Pad1.18x1.45mm_HandSolder (layer B.Cu) (tedit 5F68FEEF) (tstamp 65C1C827)
    (at 101.161 72.717 270)
    (descr "Capacitor SMD 0805 (2012 Metric), square (rectangular) end terminal, IPC_7351 nominal with elongated pad for handsoldering. (Body size source: IPC-SM-782 page 76, https://www.pcb-3d.com/wordpress/wp-content/uploads/ipc-sm-782a_amendment_1_and_2.pdf, https://docs.google.com/spreadsheets/d/1BsfQQcO9C6DZCsRaXUlFlo91Tg2WpOkGARC1WS5S8t0/edit?usp=sharing), generated with kicad-footprint-generator")
    (tags "capacitor handsolder")
    (path /65CC8700)
    (attr smd)
    (fp_text reference L1 (at 0 1.68) (layer B.SilkS)
      (effects (font (size 1 1) (thickness 0.15)) (justify mirror))
    )
    (fp_text value 10uH (at 0 -1.68 270) (layer B.Fab) hide
      (effects (font (size 1 1) (thickness 0.15)) (justify mirror))
    )
    (fp_line (start -1 -0.625) (end -1 0.625) (layer B.Fab) (width 0.1))
    (fp_line (start -1 0.625) (end 1 0.625) (layer B.Fab) (width 0.1))
    (fp_line (start 1 0.625) (end 1 -0.625) (layer B.Fab) (width 0.1))
    (fp_line (start 1 -0.625) (end -1 -0.625) (layer B.Fab) (width 0.1))
    (fp_line (start -0.261252 0.735) (end 0.261252 0.735) (layer B.SilkS) (width 0.12))
    (fp_line (start -0.261252 -0.735) (end 0.261252 -0.735) (layer B.SilkS) (width 0.12))
    (fp_line (start -1.88 -0.98) (end -1.88 0.98) (layer B.CrtYd) (width 0.05))
    (fp_line (start -1.88 0.98) (end 1.88 0.98) (layer B.CrtYd) (width 0.05))
    (fp_line (start 1.88 0.98) (end 1.88 -0.98) (layer B.CrtYd) (width 0.05))
    (fp_line (start 1.88 -0.98) (end -1.88 -0.98) (layer B.CrtYd) (width 0.05))
    (fp_text user %R (at 0 0 270) (layer B.Fab) hide
      (effects (font (size 0.5 0.5) (thickness 0.08)) (justify mirror))
    )
    (pad 2 smd roundrect (at 1.0375 0 270) (size 1.175 1.45) (layers B.Cu B.Paste B.Mask) (roundrect_rratio 0.212766)
      (net 158 DVDD_3V))
    (pad 1 smd roundrect (at -1.0375 0 270) (size 1.175 1.45) (layers B.Cu B.Paste B.Mask) (roundrect_rratio 0.212766)
      (net 2 3V3))
    (model ${KISYS3DMOD}/Capacitor_SMD.3dshapes/C_0805_2012Metric.wrl
      (at (xyz 0 0 0))
      (scale (xyz 1 1 1))
      (rotate (xyz 0 0 0))
    )
  )

  (module Capacitor_SMD:C_1206_3216Metric_Pad1.33x1.80mm_HandSolder (layer F.Cu) (tedit 5F68FEEF) (tstamp 65C1C5DC)
    (at 101.161 75.467 90)
    (descr "Capacitor SMD 1206 (3216 Metric), square (rectangular) end terminal, IPC_7351 nominal with elongated pad for handsoldering. (Body size source: IPC-SM-782 page 76, https://www.pcb-3d.com/wordpress/wp-content/uploads/ipc-sm-782a_amendment_1_and_2.pdf), generated with kicad-footprint-generator")
    (tags "capacitor handsolder")
    (path /65CD30F8)
    (attr smd)
    (fp_text reference C31 (at 0 -1.85 90) (layer F.SilkS)
      (effects (font (size 1 1) (thickness 0.15)))
    )
    (fp_text value "10uF (1206)" (at 0 1.85 90) (layer F.Fab) hide
      (effects (font (size 1 1) (thickness 0.15)))
    )
    (fp_line (start -1.6 0.8) (end -1.6 -0.8) (layer F.Fab) (width 0.1))
    (fp_line (start -1.6 -0.8) (end 1.6 -0.8) (layer F.Fab) (width 0.1))
    (fp_line (start 1.6 -0.8) (end 1.6 0.8) (layer F.Fab) (width 0.1))
    (fp_line (start 1.6 0.8) (end -1.6 0.8) (layer F.Fab) (width 0.1))
    (fp_line (start -0.711252 -0.91) (end 0.711252 -0.91) (layer F.SilkS) (width 0.12))
    (fp_line (start -0.711252 0.91) (end 0.711252 0.91) (layer F.SilkS) (width 0.12))
    (fp_line (start -2.48 1.15) (end -2.48 -1.15) (layer F.CrtYd) (width 0.05))
    (fp_line (start -2.48 -1.15) (end 2.48 -1.15) (layer F.CrtYd) (width 0.05))
    (fp_line (start 2.48 -1.15) (end 2.48 1.15) (layer F.CrtYd) (width 0.05))
    (fp_line (start 2.48 1.15) (end -2.48 1.15) (layer F.CrtYd) (width 0.05))
    (fp_text user %R (at 0 0 90) (layer F.Fab) hide
      (effects (font (size 0.8 0.8) (thickness 0.12)))
    )
    (pad 2 smd roundrect (at 1.5625 0 90) (size 1.325 1.8) (layers F.Cu F.Paste F.Mask) (roundrect_rratio 0.188679)
      (net 1 GND))
    (pad 1 smd roundrect (at -1.5625 0 90) (size 1.325 1.8) (layers F.Cu F.Paste F.Mask) (roundrect_rratio 0.188679)
      (net 158 DVDD_3V))
    (model ${KISYS3DMOD}/Capacitor_SMD.3dshapes/C_1206_3216Metric.wrl
      (at (xyz 0 0 0))
      (scale (xyz 1 1 1))
      (rotate (xyz 0 0 0))
    )
  )

  (module Capacitor_SMD:C_1206_3216Metric_Pad1.33x1.80mm_HandSolder (layer B.Cu) (tedit 5F68FEEF) (tstamp 65C1421A)
    (at 109.036 91.592 270)
    (descr "Capacitor SMD 1206 (3216 Metric), square (rectangular) end terminal, IPC_7351 nominal with elongated pad for handsoldering. (Body size source: IPC-SM-782 page 76, https://www.pcb-3d.com/wordpress/wp-content/uploads/ipc-sm-782a_amendment_1_and_2.pdf), generated with kicad-footprint-generator")
    (tags "capacitor handsolder")
    (path /65C81522)
    (attr smd)
    (fp_text reference C29 (at 0 1.85 90) (layer B.SilkS)
      (effects (font (size 1 1) (thickness 0.15)) (justify mirror))
    )
    (fp_text value "10uF (1206)" (at 0 -1.85 90) (layer B.Fab) hide
      (effects (font (size 1 1) (thickness 0.15)) (justify mirror))
    )
    (fp_line (start -1.6 -0.8) (end -1.6 0.8) (layer B.Fab) (width 0.1))
    (fp_line (start -1.6 0.8) (end 1.6 0.8) (layer B.Fab) (width 0.1))
    (fp_line (start 1.6 0.8) (end 1.6 -0.8) (layer B.Fab) (width 0.1))
    (fp_line (start 1.6 -0.8) (end -1.6 -0.8) (layer B.Fab) (width 0.1))
    (fp_line (start -0.711252 0.91) (end 0.711252 0.91) (layer B.SilkS) (width 0.12))
    (fp_line (start -0.711252 -0.91) (end 0.711252 -0.91) (layer B.SilkS) (width 0.12))
    (fp_line (start -2.48 -1.15) (end -2.48 1.15) (layer B.CrtYd) (width 0.05))
    (fp_line (start -2.48 1.15) (end 2.48 1.15) (layer B.CrtYd) (width 0.05))
    (fp_line (start 2.48 1.15) (end 2.48 -1.15) (layer B.CrtYd) (width 0.05))
    (fp_line (start 2.48 -1.15) (end -2.48 -1.15) (layer B.CrtYd) (width 0.05))
    (fp_text user %R (at 0 0 90) (layer B.Fab) hide
      (effects (font (size 0.8 0.8) (thickness 0.12)) (justify mirror))
    )
    (pad 2 smd roundrect (at 1.5625 0 270) (size 1.325 1.8) (layers B.Cu B.Paste B.Mask) (roundrect_rratio 0.188679)
      (net 166 1V8))
    (pad 1 smd roundrect (at -1.5625 0 270) (size 1.325 1.8) (layers B.Cu B.Paste B.Mask) (roundrect_rratio 0.188679)
      (net 1 GND))
    (model ${KISYS3DMOD}/Capacitor_SMD.3dshapes/C_1206_3216Metric.wrl
      (at (xyz 0 0 0))
      (scale (xyz 1 1 1))
      (rotate (xyz 0 0 0))
    )
  )

  (module Capacitor_SMD:C_0805_2012Metric_Pad1.18x1.45mm_HandSolder (layer B.Cu) (tedit 5F68FEEF) (tstamp 65C0F5EE)
    (at 116.761 86.357 180)
    (descr "Capacitor SMD 0805 (2012 Metric), square (rectangular) end terminal, IPC_7351 nominal with elongated pad for handsoldering. (Body size source: IPC-SM-782 page 76, https://www.pcb-3d.com/wordpress/wp-content/uploads/ipc-sm-782a_amendment_1_and_2.pdf, https://docs.google.com/spreadsheets/d/1BsfQQcO9C6DZCsRaXUlFlo91Tg2WpOkGARC1WS5S8t0/edit?usp=sharing), generated with kicad-footprint-generator")
    (tags "capacitor handsolder")
    (path /65C59932)
    (attr smd)
    (fp_text reference C28 (at 0 1.68) (layer B.SilkS)
      (effects (font (size 1 1) (thickness 0.15)) (justify mirror))
    )
    (fp_text value "1uF (0805)" (at 0 -1.68) (layer B.Fab) hide
      (effects (font (size 1 1) (thickness 0.15)) (justify mirror))
    )
    (fp_line (start 1.88 -0.98) (end -1.88 -0.98) (layer B.CrtYd) (width 0.05))
    (fp_line (start 1.88 0.98) (end 1.88 -0.98) (layer B.CrtYd) (width 0.05))
    (fp_line (start -1.88 0.98) (end 1.88 0.98) (layer B.CrtYd) (width 0.05))
    (fp_line (start -1.88 -0.98) (end -1.88 0.98) (layer B.CrtYd) (width 0.05))
    (fp_line (start -0.261252 -0.735) (end 0.261252 -0.735) (layer B.SilkS) (width 0.12))
    (fp_line (start -0.261252 0.735) (end 0.261252 0.735) (layer B.SilkS) (width 0.12))
    (fp_line (start 1 -0.625) (end -1 -0.625) (layer B.Fab) (width 0.1))
    (fp_line (start 1 0.625) (end 1 -0.625) (layer B.Fab) (width 0.1))
    (fp_line (start -1 0.625) (end 1 0.625) (layer B.Fab) (width 0.1))
    (fp_line (start -1 -0.625) (end -1 0.625) (layer B.Fab) (width 0.1))
    (fp_text user %R (at 0 0) (layer B.Fab) hide
      (effects (font (size 0.5 0.5) (thickness 0.08)) (justify mirror))
    )
    (pad 2 smd roundrect (at 1.0375 0 180) (size 1.175 1.45) (layers B.Cu B.Paste B.Mask) (roundrect_rratio 0.212766)
      (net 2 3V3))
    (pad 1 smd roundrect (at -1.0375 0 180) (size 1.175 1.45) (layers B.Cu B.Paste B.Mask) (roundrect_rratio 0.212766)
      (net 1 GND))
    (model ${KISYS3DMOD}/Capacitor_SMD.3dshapes/C_0805_2012Metric.wrl
      (at (xyz 0 0 0))
      (scale (xyz 1 1 1))
      (rotate (xyz 0 0 0))
    )
  )

  (module Package_TO_SOT_SMD:SOT-23_Handsoldering (layer B.Cu) (tedit 654BCDDE) (tstamp 6558C201)
    (at 112.111 92.342 90)
    (descr "SOT-23, Handsoldering")
    (tags SOT-23)
    (path /659F5664)
    (attr smd)
    (fp_text reference U4 (at -0.3 2.55 90) (layer B.SilkS)
      (effects (font (size 1 1) (thickness 0.15)) (justify mirror))
    )
    (fp_text value MCP1702T-1802E_CB (at 0 -2.5 90) (layer B.Fab) hide
      (effects (font (size 1 1) (thickness 0.15)) (justify mirror))
    )
    (fp_line (start 0.76 -1.58) (end 0.76 -0.65) (layer B.SilkS) (width 0.12))
    (fp_line (start 0.76 1.58) (end 0.76 0.65) (layer B.SilkS) (width 0.12))
    (fp_line (start -2.7 1.75) (end 2.7 1.75) (layer B.CrtYd) (width 0.05))
    (fp_line (start 2.7 1.75) (end 2.7 -1.75) (layer B.CrtYd) (width 0.05))
    (fp_line (start 2.7 -1.75) (end -2.7 -1.75) (layer B.CrtYd) (width 0.05))
    (fp_line (start -2.7 -1.75) (end -2.7 1.75) (layer B.CrtYd) (width 0.05))
    (fp_line (start 0.76 1.58) (end -2.4 1.58) (layer B.SilkS) (width 0.12))
    (fp_line (start -0.7 0.95) (end -0.7 -1.5) (layer B.Fab) (width 0.1))
    (fp_line (start -0.15 1.52) (end 0.7 1.52) (layer B.Fab) (width 0.1))
    (fp_line (start -0.7 0.95) (end -0.15 1.52) (layer B.Fab) (width 0.1))
    (fp_line (start 0.7 1.52) (end 0.7 -1.52) (layer B.Fab) (width 0.1))
    (fp_line (start -0.7 -1.52) (end 0.7 -1.52) (layer B.Fab) (width 0.1))
    (fp_line (start 0.76 -1.58) (end -0.7 -1.58) (layer B.SilkS) (width 0.12))
    (fp_text user %R (at 0 0 180) (layer B.Fab) hide
      (effects (font (size 0.5 0.5) (thickness 0.075)) (justify mirror))
    )
    (pad 3 smd rect (at 1.3 0 90) (size 1.5 0.8) (layers B.Cu B.Paste B.Mask)
      (net 2 3V3))
    (pad 2 smd rect (at -1.3 -0.95 90) (size 1.5 0.8) (layers B.Cu B.Paste B.Mask)
      (net 166 1V8))
    (pad 1 smd rect (at -1.3 0.95 90) (size 1.5 0.8) (layers B.Cu B.Paste B.Mask)
      (net 1 GND))
    (model ${KISYS3DMOD}/Package_TO_SOT_SMD.3dshapes/SOT-23.wrl
      (at (xyz 0 0 0))
      (scale (xyz 1 1 1))
      (rotate (xyz 0 0 0))
    )
  )

  (module Capacitor_SMD:C_0603_1608Metric_Pad1.08x0.95mm_HandSolder (layer F.Cu) (tedit 5F68FEEF) (tstamp 65585AD3)
    (at 128.111 84.467 270)
    (descr "Capacitor SMD 0603 (1608 Metric), square (rectangular) end terminal, IPC_7351 nominal with elongated pad for handsoldering. (Body size source: IPC-SM-782 page 76, https://www.pcb-3d.com/wordpress/wp-content/uploads/ipc-sm-782a_amendment_1_and_2.pdf), generated with kicad-footprint-generator")
    (tags "capacitor handsolder")
    (path /659B84AB)
    (attr smd)
    (fp_text reference C27 (at -2.75 0 180) (layer F.SilkS)
      (effects (font (size 1 1) (thickness 0.15)))
    )
    (fp_text value 0.01uF (at 0 1.43 90) (layer F.Fab) hide
      (effects (font (size 1 1) (thickness 0.15)))
    )
    (fp_line (start 1.65 0.73) (end -1.65 0.73) (layer F.CrtYd) (width 0.05))
    (fp_line (start 1.65 -0.73) (end 1.65 0.73) (layer F.CrtYd) (width 0.05))
    (fp_line (start -1.65 -0.73) (end 1.65 -0.73) (layer F.CrtYd) (width 0.05))
    (fp_line (start -1.65 0.73) (end -1.65 -0.73) (layer F.CrtYd) (width 0.05))
    (fp_line (start -0.146267 0.51) (end 0.146267 0.51) (layer F.SilkS) (width 0.12))
    (fp_line (start -0.146267 -0.51) (end 0.146267 -0.51) (layer F.SilkS) (width 0.12))
    (fp_line (start 0.8 0.4) (end -0.8 0.4) (layer F.Fab) (width 0.1))
    (fp_line (start 0.8 -0.4) (end 0.8 0.4) (layer F.Fab) (width 0.1))
    (fp_line (start -0.8 -0.4) (end 0.8 -0.4) (layer F.Fab) (width 0.1))
    (fp_line (start -0.8 0.4) (end -0.8 -0.4) (layer F.Fab) (width 0.1))
    (fp_text user %R (at 0 0 90) (layer F.Fab) hide
